107.29
118.18
459.18
600.2
48.3
-299.12
635.7
541.3
827.25
235.28
-173.23
-689.3
-195.28
-552.15
-707.21
-1020.11
-135.7
201.4
599.1
374.5
405.31
-166.9
102.3
-313.7
36.31
675
-487.16
372.17
-510.7
-913.17
-310.12
914.22
570.2
-144.3
-801.2
-765.2
-533.6
-520.15
-860.2
590.3
540.28
537.16
-558.17
-969.17
177.11
-533.24
190.29
-86.3
-818.15
646.24
822.26
923.1
209.25
11.31
-909.16
35.17
728.2
586.4
-158.2
82.17
-445.1
728.31
-167.31
-994
28.6
-218.2
157.29
-443.13
618.2
171.4
227.18
208.3
535
-459.3
796.1
791.21
654.11
-286.7
155.11
-166.3
899.2
-545.3
375.25
8.9
-831.9
-875.12
837.3
-589.15
71.25
-901.16
593.2
-312
158.21
-408.13
362.27
874.18
-606.14
40.28
-219.25
83.25
-285.3
-423.21
727.24
-464.2
-115.2
95.3
277.27
894.8
621.7
12.27
254.17
-399.1
-484.18
-1002.16
865.15
-806.8
-398.16
168.12
360.8
-992.3
-1009.4
536.18
189.18
-98.28
-682.18
-657.27
-460.8
-653.3
-696.13
-865.12
108.13
924.8
-460.1
-349.31
810.2
917.9
-720.29
177.3
403.4
535.9
67.1
-272.16
-260.5
-581.16
-176.1
-565.2
828.15
14.3
521.31
-974
-701.3
-257.23
-1020.5
481.9
-448.2
514.1
-997.25
622.25
469.14
157.27
644.6
335.1
-167.3
-926.9
928.14
382.17
850.1
-864.14
881.9
-886.1
-760.27
297.26
192.28
-277.22
-239.3
768.31
278.1
279.11
723.13
83.27
-412.24
-292.1
860.29
543.1
-735
-431.19
492.18
816.3
388.3
-582.18
-216.25
320.9
495.6
-971.17
863.18
38.26
321.21
393.5
813.15
-424.13
388.21
-646.12
38.11
-580.27
671
377.13
846.6
218.14
-920.21
-656.3
-278.26
798.4
936.22
-491.11
868.28
-280.13
668.11
-944.7
-344.11
-701.9
-533.14
444.2
595.7
-744.2
874.27
460.29
250.3
4.13
-720.3
477.9
837.26
367.22
477.17
-971.17
191.13
-202.2
-990.29
176.11
-145.14
-409.16
-889.6
849.7
-764.11
-206.14
-401.24
-415.26
-313.23
-458.1
413.12
-692.2
-655.18
298.2
531.7
-184.23
21.5
-251.14
701.15
828.2
555.3
-647.23
-362.16
614.26
-655.3
-970.14
-382.16
-138.31
-508.31
277.9
891.1
467.3
709.3
-732.3
-689
-902.9
-831.1
-184.4
-784.31
518.23
-466.26
126.6
-516.1
-121.18
229.2
850.25
-720.16
264.16
-311.18
687.11
-633.2
384.28
652.31
837.2
890.14
-587.16
-285.4
-123.24
-941.2
188.4
796.16
-772.27
-441.27
-779.29
301.1
-854.18
-777.17
180
206.13
761.5
-230.11
-994.8
188.18
486.11
-908.3
-865.31
250.1
273.21
463.16
-144.8
-940.15
-452.12
-715.9
165.7
-929.25
-740.13
157.3
-372.14
-757.24
187.25
-833.12
513.4
731.27
591.2
-238.4
671.7
-382.15
768.8
-608.5
-787.27
-766.18
339.23
-407.27
-762.12
-781.4
175.21
-231.2
-117.15
169.1
-257.14
825.6
224.1
-87.3
397.7
203.1
-492.14
-785.13
-718.2
-337.22
-900.18
63.23
-160.2
171.2
-578.8
256.25
-532.19
313.8
388.24
-583.27
328
722.5
-912.4
20.2
-273.24
638.7
-576.7
68.13
-300.5
370.28
870.2
-200.5
-955.19
837.16
735.13
757.3
417.28
619.29
175.6
-357.24
-729.21
-941.11
333.31
803.6
-378.28
74.25
423.24
-894.11
29.12
-618.23
627.1
-906.3
294
358.17
-102.14
319.1
109.26
-465.15
-316.31
658.13
-540.27
779.18
327.8
903.2
-143.13
-197.16
-495.5
-228.15
-777.15
-235.6
-766.26
807.29
627.29
2
-872.31
228.2
-141.7
187.26
165.4
-391.5
15.8
-434.2
172.12
-632.7
-859.1
-292.26
-362.26
564.15
-900.18
867.23
-261.27
-428.31
-491.29
-879.2
702.17
-511.9
315.1
471.14
165.24
-656.24
-487.31
379.28
198.3
256.2
283.14
-350.15
612.31
555.24
-428.26
-487.18
632.2
641.2
-469.21
889.18
509.9
-197.2
795.11
-1007.1
857.3
-964.1
910.24
-579.14
-622.3
856.7
535.4
841.13
498.11
387.22
44.2
707.7
-399.2
-951.28
178.21
-323.9
-194.24
-643.1
737.25
-336.1
309.18
257.3
339.5
346.26
13.14
-195.3
408.4
55.3
-771.1
-467.14
-621.13
-796.26
-455.8
-149.17
564.15
-175.26
886.4
-431
-783.3
-666.22
-289.19
424.24
816.12
-617.11
-899.6
511.18
709.3
476.2
483.4
560.9
419.18
-913
-995.3
543.21
-653.15
582.25
-476.28
932.3
-275.11
247.1
-908.12
-772
246.8
-89.21
239.19
-734.29
-756.18
-638.6
336.31
679.26
-782.3
678.11
-739.3
-738.4
-177.2
422.13
134.9
-823.9
842
393.6
242.11
79.1
94.21
-586.31
25.31
-671.12
434.18
-320.16
700.14
406.8
-652.7
-139.27
24.14
-551.18
860.29
-353.13
-862.13
293.31
884.1
589.21
-828.12
-464.29
882.12
488.1
-233.28
-198.26
-444.1
663.14
623.9
-616.26
-392.11
-645.11
-579.6
379.3
920.26
607.31
-642.14
87.8
-360.17
-94.2
-449.17
-115.2
-705
189.14
191.8
819.7
-450.3
-161.26
10.16
884.17
110.22
-733.1
-540
-1019.28
933.2
-552.4
-106.24
-986.29
405.4
607.3
820.12
-248.3
433.1
674.5
-252.3
606.2
-557.8
-294.4
685.15
-95.14
-188.26
406.4
140.26
-428.1
366.15
721.17
877.4
725.17
-938.29
-229.13
-960.24
554.3
-103.14
350.14
-90.1
-763.7
339.28
628.17
-623.3
59.27
-323.22
-895.21
-254.18
645.3
-996.1
-570.11
-548.31
-651.16
-923.7
-148.21
-827.2
-879.27
351.1
-834.26
667.12
622.16
-346.8
689.29
-343.26
738.19
189.13
152.6
-147.1
-386.26
-890.29
466.3
723.17
298.1
-139.23
409.14
154.25
716.2
877.12
597.2
179
-916.25
-725.11
-917.24
-962.7
-746.16
-809.31
-827.3
-975.2
441.31
244.19
930.3
856.5
157.9
484.9
468.24
-379.29
813.13
-344.4
-650.2
26.3
108.27
588.12
-655.5
-496.17
33.2
565.29
161.7
-628.6
605.9
193.1
695.15
353.9
-199.2
56.22
-745.2
-931.21
-459.31
289.19
-167.1
-382.6
-211.11
709.28
312.15
-706.1
-346.14
-983
-922.13
38.16
-801.22
896.9
-894.1
-468.9
299.22
-277.24
209.6
-525.16
300
484
882.7
793.22
375.26
310.2
277.13
44.23
-483
732.15
-234.2
-899.14
-322.8
-671.3
780.21
-125
-189.1
-874.26
-262.11
-358.19
117.2
90.21
-363.3
-766.19
405.4
-224.28
-953.21
396.14
744.19
890.2
-136
905.6
229.19
-358.21
513.1
326.23
870.26
194.7
851.12
-732.3
-228.15
-501.14
-677.22
-915.21
297.2
-639.23
-884.4
-809.13
-743.11
-553.19
908.19
-308.6
-200.16
172.7
652.27
-492.8
-388.17
382.11
-448.9
679.3
255.19
496.9
-497.2
-243.25
309.14
-248.28
104.13
-557.27
-629.14
492.14
-901.23
904.19
-503.2
-238.12
611.5
219.14
-186.17
881.1
33.14
-502.3
-443.2
459.18
566.4
-1022.19
-254.18
-724.25
-130.29
794.2
709.2
-360.29
136.19
-270.8
885.1
-667.2
877.4
393.13
522.11
-425.21
-321.1
694.3
-931.11
-396.2
-824.19
-992.3
397.16
-729.15
-889.22
743.3
-780.18
821.14
337.27
-97.26
121.31
99.1
-481.27
897.31
620.28
588.18
-651.19
-279.28
16.29
-987.3
618.11
644.19
-182.3
871.29
60.19
880.1
-999.29
688.3
367.29
-524.24
13.9
505.29
120.13
-1003.28
-106.12
-412.15
5.3
453
272.23
-958.16
-412.2
857.15
71.9
-286.28
315.24
517.1
639.8
-744.26
259.28
-444.3
-436.2
-423.25
-209.15
-646.16
561.3
191.2
280.17
913.6
525.1
-574.15
-167.17
450.17
554.14
-204.15
198.5
923.29
-242
-696.31
806.22
847.18
908.17
143.12
-100.8
835.28
-311.15
-757.5
75.16
-899.18
-854.5
-454.16
-534.15
-983.26
164.19
-194.3
674.19
780.6
637.28
568.29
-518.28
-316.17
793.19
-995.13
-231.22
-203
99.3
576.28
-874.21
-536.25
-249.28
675.4
413.12
-244.26
-988.2
69.26
-906.7
-511.3
210.18
928.16
71.22
-541.13
-519.24
-950.5
921.31
430.3
-108.9
-941.15
105.3
-622.22
-95.9
-926.21
51
146.21
-825.8
594.31
183.27
-160.22
852.11
-111.12
893.13
-94.21
151.28
840.1
616.28
588.26
603.17
190.13
-716.2
-214.16
-332.27
-937.19
-323.27
479.21
537.1
285.7
488.5
-872.15
-490.27
-133.1
-724
657.2
-258.29
-996.17
-430.17
269.12
472.1
-722.29
-916
-432.21
183.9
-886.4
-178.14
741.26
330.1
845.21
-795.3
175.5
522.1
729
-669.2
-425.2
-350.3
562.23
383.23
4.1
-897.3
813.4
-346.7
784.2
274.11
-375.6
-412.3
-136.8
-910.9
-713.7
-938.25
-269.4
579.28
-663.27
-351.2
148.13
-243.21
501.22
-908.29
30.24
-579.4
-509.1
-925.29
867.11
-795.9
-793.8
452.1
-498.26
-777.8
69.25
-147.19
793.1
-478.9
386.1
51.18
-614.5
392.5
94.25
-957.4
368
-213.19
-504.27
428.3
-879.14
456.23
624.31
-619.2
340.1
441.4
314.11
744.18
-222.16
837.27
606.24
295.11
691.26
-598.5
-96.17
-734.5
-295.27
-593.23
-328.3
129.13
908.25
-341.8
506.5
937.2
-154.21
778.6
761.2
270.23
-116.17
-911.27
-996.18
-408.14
344.27
-545.13
-113.26
-863.12
-412.7
-392.29
686
26.29
258.4
-597.7
327.23
-593.29
-484.23
-308.9
889.3
-223.1
430
-503.29
-200.5
-1004.27
-757.13
16.2
189.1
-380.13
-1002.9
851.16
-876.31
-223.4
221.14
11.29
-882.24
-136.29
-766
-358.27
-302.11
558.2
-113.6
-276.4
-517.31
840.18
-253.16
314.3
-190.25
-325.2
240.4
-762.15
-701.25
-476.5
-889.26
22.12
-824.16
467.2
787.4
557.18
-431.19
-725.19
-100.8
394.23
122.31
-193.12
477.3
-301.3
438.25
-529.7
-980.1
-613.9
-896.29
409.22
-849.8
-380.4
-350.19
205.18
7.1
-810.2
535.16
113.6
626.23
116.21
466.17
110.19
-777.6
-359.24
-638.5
-483.1
-594.5
-368.18
834.3
-746.7
-476.12
-701.4
-120.13
279.1
-472.28
818.4
620.8
518.4
-243.2
-343.25
-552.1
-746.28
-650.2
-607.1
-491.24
-328.26
-490.25
-773.14
482.23
616.14
751.2
-733.17
688.27
-240.2
164.28
387.16
3.17
-886.8
915.18
-352.22
-168.5
496.5
-921.27
-766.9
284.6
-206.4
80.16
197.13
-914.27
-601.1
432.27
-707.12
800.21
52.13
-117.2
-87.17
769.5
-365.12
53.17
264.9
261.1
-730.4
142.9
-555.13
591.14
865.14
-738.8
322.14
840.25
243.6
-438.27
-769.1
-939.5
136.25
-89.16
-172.6
-638.18
763.24
277.29
-312.28
880.15
872.7
302.1
222.25
735.3
149.18
4.2
627.16
-417.22
598.16
294.31
855.31
-905.1
418.18
-822.13
913.16
-767.6
-838.12
114.3
-176.11
355.27
-630.9
662.4
904.3
916.12
-365.26
425.26
807.24
506.6
507.31
543.7
-609.8
552.21
-1016.9
707.4
-862.21
-203.6
340.15
798.25
629.23
-874.4
868.27
-714.29
656.24
641.3
-873.1
-996.17
-585.19
-909.18
885.26
-304.29
-636.18
904.18
-566.8
-881.31
311.25
-658
307.17
843.1
529.27
445.8
652.11
873.8
-193.8
-753.1
-393.22
560.1
-734.9
-235.7
-372.27
366.3
-359.4
271.8
538.22
358.24
-189.8
-140.11
-797
-133.3
-114.11
921.7
-631.25
-357.21
97.1
190.31
550.27
383.18
512.21
378.28
-284.21
-746.4
801.2
-313.3
358.6
-720.28
811.6
-466.27
-330.5
422.17
202.13
-490.28
-93.13
-443.21
573.16
-878.4
-218.27
0.18
-609.18
-552.1
-489.5
-478.6
-108.23
750.6
260.22
-865.2
910.18
-440.5
-392.1
164.17
795.1
-502.13
711.1
-985
208.18
863.24
-960.16
-322.12
591.3
-167.26
-201.28
900.29
-468.11
-889.24
621.19
161.12
138.6
382.7
-757.2
-392.25
653.5
364.19
517.3
146.19
624.12
-1012.29
615.22
226.1
-999.16
-136.24
428.14
632.31
650.2
84.27
821.18
179.28
-1001.25
-941.22
-205.25
-360.11
791.2
-332.17
-507.11
888.1
-429.14
604.18
95.11
-757.2
-396.22
858.9
-261.11
314.1
-570.6
8.8
367.8
-838.28
296.24
-682.15
309.24
-746.18
-609.19
-609.14
-428.27
-574.31
42.16
-448.11
-846.9
-703.7
-661
-497.3
518.1
129.6
803.19
671.21
724.17
262.23
-770.21
576.14
-323.12
-325.24
385.25
764.6
-187.17
161.23
727.28
348.3
606.18
372.3
589.28
-750.19
-103.8
-729.11
-782.7
829.5
329.18
473.25
766.26
427.26
-555.3
-415.3
-936.15
-313.9
-113.18
832
73.23
122.6
128.9
-228.3
-930.23
188.8
-901.1
-346.2
-439.17
626.23
-658.9
-326.26
289.9
-225.14
354.5
45.31
-807.29
177.9
-701.18
-373.28
403.5
576.8
-843.4
-651.5
932.27
525.6
-262.9
49.29
527.15
-292.17
261.18
83.9
921.14
903.24
537.27
-387.1
214.17
370.27
706.7
462.21
266.22
-156.7
-998.7
162.8
-536.29
-255.15
-307.13
-596.27
-846.11
-310.9
-711.19
-723.21
821.26
-525.27
-645.8
-481.17
310.7
-1023.29
-617.23
-681.9
-220.25
-534.2
-347.15
-606.8
-602.13
482.22
-895.2
-938.31
-806.5
-920.23
-411.2
38.31
-517.14
-899.1
-900.24
-795.13
-706.23
541.27
-699.3
-584.4
240
111
129.11
837.27
-350.25
-237.4
229.18
2
-353.15
-231.17
446.21
726.1
196.25
20.14
774.3
558.5
826.1
315.29
-1018.1
-982.21
388.2
901.28
-944.12
-360.26
-421.2
-95
671.11
-139.24
138.31
38.24
-468.1
454.3
458.24
93.24
761.3
-703.25
378.7
704.7
899.31
589.9
302.24
-353.28
-554.27
152.4
349.17
282.23
69.26
638.23
222.26
538.4
-710.9
-192.9
695.5
66.11
582.13
507.14
389.4
934.28
-857.26
-691.19
586.22
-193.15
-513.3
890.12
-291.4
870.17
845
450.31
530.17
119.1
152.24
306.14
489.4
-148.5
-352.8
419.15
-361.1
579.23
404.26
-278.18
871.3
-397.3
-529
180.24
872.5
634.1
-189.2
-353.31
-748.31
501.21
-891.4
-631.23
-517.13
640.14
-938.2
-105.11
-252.23
322.9
-995.27
570.31
-611.17
-503.1
859.26
703.27
56.25
-256
-902.12
-908.12
-773.22
-619.8
-270.18
-326.29
542.3
-131.11
-901.18
432.17
910.23
-720.5
847.6
-859
-535.26
-135.12
-801.12
375.9
141.17
-760.6
854.27
-837.2
-616.6
700.4
-622.12
872.5
-474.1
903.24
564.3
463.3
547.6
439.9
418.21
644
617.2
732.3
702.22
-187.24
-525
146.28
-90.7
-852.23
55
-1002.26
-444.17
500.3
730.5
-778.27
-831
-499.19
682.3
148.17
321.12
-913.4
-429.18
894.28
495.12
728.8
-754.13
26.15
658.15
-769.17
922.4
-480.3
403.19
701.12
-876.28
106.6
127.31
482.14
-329.29
-304.27
-497.7
793.2
-541.26
672.28
808.3
-673.18
-396.1
636.27
588.27
817.18
853.2
-982.19
438.14
741.18
-904.31
154.19
8.21
-621.18
-192.29
800
-341.7
-919.31
93.23
-499.9
-216.6
-197.11
68.1
-357.22
301.8
-661.3
335.27
-687.6
796.24
-370.16
682.21
411.18
156.28
623.2
-425.31
21.27
308.28
813.24
-353.26
896.29
-249.19
410.21
-775.23
-109.27
283.3
456.9
-430.4
-328.27
887.1
500.24
-214
-410.7
723.25
-691.11
-276.15
222.28
-751.23
875.31
-293.27
-404.2
244.31
812.2
-702.18
-578.16
377.14
-447.22
600.12
-881.8
-559.21
200.3
758.14
195.22
-839.21
829.24
-682.12
514.11
315.28
528.3
197.26
245.21
668.3
-1000.2
406.29
-711.31
673.21
-818.15
535.11
71.25
881.3
-723.22
-439.17
-520.16
265.4
-643.21
886.2
303.11
293.16
-506.18
912
334.17
-794.13
-258.3
-944.9
684.1
198.19
613
55.2
883.15
-462.12
99.1
71.3
42.24
-463.2
183.22
235.5
-276.19
858.2
863.9
887.15
-170.29
-965
417.6
366.15
427.14
589.22
-982.1
411.31
-678.12
-169.1
-482.26
439.13
-670.13
70.22
-223.9
860.3
566.1
-698.4
-261.29
-533.12
-170.2
4.5
169.16
-538.11
-337.15
514.12
838.16
-902.1
-532.3
686.19
668.18
634.13
-762.17
389.12
-790.8
-888.28
-414.15
-975.29
-825.4
929.18
-421.12
609.1
208.24
251.19
-429.25
138.5
601.2
-824.27
-1008.7
-729.12
-487.8
-868.15
877.18
-244.7
-464.6
150.26
-238.19
750.18
-1020.1
-996.6
-175.25
694.2
-723.12
-568.1
-879.27
-364.3
-662.3
781.7
913.22
566.7
-288
206.7
-717.28
117.16
349.27
257.31
133.29
221.12
-709.25
145.1
788.31
-280.17
641.5
81.7
931.16
-793.3
-802.12
-155.1
590.11
-108.3
124.17
27.2
549.18
-677.13
543.2
-872.16
-493.7
180.15
26.2
74.22
426.23
-823.3
-345.28
-683.11
-124.2
566.18
343.2
-375
415.6
176.12
-423.22
-761.2
156.12
-475.9
-175.13
639.15
-311.17
-348.25
34.3
-370.7
-1022.11
-953.12
421.1
-518.17
-786.16
506.12
-491.24
-591.17
-863
890.31
73.2
-844.23
654.22
-406.5
-717.18
-968.6
-535.9
-204.2
-454.17
169.12
-880.6
-461.12
14.18
97.22
-346.6
264.11
363.24
877.1
-387.6
-941.15
569.26
-268.23
-760.13
-568.26
-237.22
-215.5
-436.7
-803.16
-133.14
605.24
-157.15
384.27
-108.21
574.1
663.14
-420.15
-258.11
356.8
-522.18
-987.13
716.23
-740.31
78.3
796.28
-732
397.26
-642.9
937.14
-269.1
47.12
372.19
-865.16
247.29
477.2
108.4
-797.8
-498.7
-666.2
273.14
-577.2
899.28
-547.18
-482.24
-155.1
-404
359.15
-336.1
-443.18
-270.1
-387.24
149.6
-355.19
-538.18
-95.5
-452.16
-647.4
673.2
-983.3
379.24
75.7
-244.2
-589.31
-722.2
102.2
-749.4
-835.29
-341.31
-517.17
112.3
361.18
-138.12
-917.22
-794.2
-811.6
-743.29
847.6
-193.7
-682.19
872.27
-365.2
506.2
201.4
-930.2
-223.12
293.11
-360.1
758.13
-703.14
-506.24
-411.15
396.9
-688.23
366.9
-989.1
-373.13
118.27
570.15
-990.17
114.15
199.7
563.8
229.25
424.9
-858.31
631.16
-1005.21
-271.1
-561.28
131.25
307.25
-745.26
-826.3
937.4
-469.19
660.7
-727.29
863.1
39.3
-142.18
645.6
819.5
-864.31
644.3
321.25
210.2
210.31
-336.24
28.11
-244.1
839.31
-831.25
264.19
746.31
-394.14
842.6
-573.6
314.11
-414.12
668.15
-653.2
666.9
159.1
507.25
749.1
879.3
294.3
67.1
53.1
-92.16
-787.1
-658.22
185.1
-429.12
359.4
-307.3
267.4
217.28
632.6
-992.7
354.2
257.7
16.4
-283.14
97.1
-591.2
-447.3
-327.6
-672.3
-924.14
574.3
-103.3
-722.3
-469.23
292.8
-427.6
-489.21
-139.24
-646.7
-570.12
898
488.5
-486.22
-947.12
599.1
-844.1
655.5
522.14
-198.5
605.19
920.14
-274.18
744.15
-291
-781.2
-581.28
-766.1
-828.16
-815.1
-765.3
694.31
433.12
-150
-955.15
821.2
-724.19
925.4
401.22
171.28
-519.5
-741.19
152.3
-150.12
722.2
-454.9
260.2
-964.2
-846.7
602.31
493.25
921.18
-895.17
490
473.6
431.17
466.28
-1009.29
-835.3
831.28
121.1
-364.1
631.15
306.13
-215.3
-870.2
-1007.1
-803.21
-245.24
-348.5
-621.23
904.3
-993.18
-754.2
-601.13
-953.27
-401.15
67.29
723.12
-739.25
281.24
458.15
777.6
928.17
-790.4
840.8
-575.5
-751.29
-737.11
-971.8
285.2
436.15
-448.12
-473.11
-877.23
-140.24
-761.4
-1006.6
-503.22
-230.16
-916.27
278.18
860.9
-401.5
-851.16
741.7
175.14
-276.7
835.16
-163
-168.9
261.25
597.28
-209.17
-488.16
313.12
825.19
-114.13
-545.4
859.22
-526.15
117.24
-536.24
-309.15
-836.25
-947.28
-156.13
-838.19
-587.5
729.18
-707.13
108.31
-434.18
-395.19
-423.18
-123.31
-361.8
642.6
-318.5
281.31
434.1
193.3
304.23
-565.18
511.11
211.9
-525.13
403.18
769.25
-775.3
-246.2
370.8
464.29
-633.31
676.23
-825.29
348.21
-299.2
-893.5
-801.13
53.22
-424.28
-308.19
-801.17
-962.25
802.15
-485.31
-554.3
-348.17
-796.16
521.8
-396.31
923.13
207.19
-519.2
302.28
119.12
610.23
-385.17
-1004.6
-734.16
-239.19
216.7
301.1
232.19
-858.16
503.14
-796.23
-207.24
-337.8
-629.15
443.4
-187.23
259.8
-257.17
-643.9
31.19
-634.5
924.1
813.21
-582.26
750.15
-995.15
-800.11
596.22
-849.21
703.3
584.23
809.12
309.21
-433.1
503.29
633.3
-349.2
-937.4
-769.1
-264.16
537.1
-798.8
-972.7
802.13
-323.14
-834.19
-314.17
296.21
-280.18
221.15
-327.4
699.8
-193.5
445.21
-323.16
789.8
-855.9
167.21
-679.7
191.9
47.1
-457.19
557.24
-854.21
55.9
196.5
800.23
300.21
766.2
-632.24
399.21
-684.25
-659.11
-748.18
40.25
426.12
-1008.23
-947.26
339.31
378
721.5
746.23
690.13
868.22
-552.15
-860.29
-622.2
-790.31
829.4
-232.24
244.14
-590.11
-493
-875.18
-661.2
-649.24
-643.1
-502.3
276.9
-684.7
-927.16
432.31
-734
764.19
-403.3
785.15
405.19
97.26
-876.26
-739.26
-643.22
-127.13
-318.14
-796.2
620.2
478.7
566.4
235.8
429.2
-284.14
114.22
-528.17
609.1
-849.2
451.1
496.7
-734.18
-896.2
-152.25
245.23
836.2
-179.16
800.1
-352.29
-316.26
467.9
-618.19
843.27
19.13
456.25
-375.19
-236.18
655.24
54.3
750.1
373.29
-350.3
-886.19
-320.17
-929.1
77.23
559.3
795.31
530.21
208.24
674.19
-1019.5
-343.25
878.2
-311.21
-577.3
-400.25
-460.8
-400.19
-301.29
-247.5
-164
335.6
-518.23
201.15
522.14
-182.5
328.5
-349.1
361.24
263.15
-714.19
-384.16
732.27
427.2
-318.25
-923.1
-594.19
-372.7
-967.4
-627.23
-1009
-588.25
-556.24
-643.19
75.3
572.31
353.22
-277.13
-862.27
761.6
-1015.3
153.13
718.3
-1009.31
-753.17
115.8
312.17
-906.28
-893.28
534.31
501.25
648.24
-340.24
-594.16
619.1
920.6
-120.22
-597.18
-234.4
-1009.3
-660.29
343.3
-651.21
123.1
776.3
-570.21
527.3
323.14
-133.23
646.26
232.2
-577.22
-631.2
812.15
57.1
315.9
-684.21
886.14
-714.1
-289.26
-562.8
-574.28
-245.28
-771.14
-865.27
-478.23
-364.8
685.3
386.5
288.31
-943.4
363.5
127.9
-1003.9
712.27
-418.15
-859.7
351.2
-1011.5
-869.6
669.26
-475.22
315.24
-354.12
-964.8
863.6
-875.31
759.13
-724.14
-263.5
219.24
-936.1
-354.26
679.26
330.5
232.29
-417.7
-288.12
824.15
-946.31
867.18
763.2
-884.17
653.19
231.3
715.1
-759.17
-847.21
392.26
-647.24
14.25
-271.3
-546.5
937.14
718.17
-318.26
-107.6
-209.7
647
-578.13
197.1
-991.21
-648.13
840.14
260.19
357.14
-395
-1002.2
-785.4
-582.21
664.6
-827.18
28.3
-737.1
-660.27
50.6
855.16
490.21
49.1
806.1
743.2
-513.4
611.21
95.24
-91
877.1
-211.1
523.31
88.1
-939.23
187.6
577.21
-903.5
786.9
-807.23
91.25
-262.25
-816.22
754.2
907.29
-906.28
569.4
755.29
-693.18
759.29
806.31
-954.23
166.26
-843.19
385.1
-908.28
-1020.26
-421.22
144.21
-483.18
-132.27
883.11
769.9
-412.29
820
442.23
-933.15
-910.2
-408.23
452.16
509.13
-268.1
324.3
810.4
414.8
0.5
-999.15
568.6
935.21
-504.21
-183.2
-851.15
737.24
-486.11
681.3
481.22
-786.28
-86.22
-755.18
541.17
-680.22
47.18
-416.16
54.4
752.16
-325.12
-100.25
-105.19
-126.21
-862.15
-481.2
315.9
-364.19
710.27
880.18
342.26
507.17
-569.15
811.1
485.4
-432.1
467.19
750.25
-734.28
63
-764.15
76.31
-449.13
-517.14
-689.21
292.14
-655.17
-127.21
464.6
313.2
738.3
-988.3
568.16
834.1
414
57.19
-514.25
272.1
-576.23
-710.19
-623.17
77.14
534.4
555.12
123.28
-970.21
251.25
-745.19
-473.24
-635.1
391.21
668.1
387.17
-498.29
-228.2
-405.29
857.17
-341.29
135.26
-114.15
69.25
118.7
-813.13
637.31
93.19
213.2
-342.31
-956.14
395.1
-223.8
-875.21
498.2
164.2
933.24
432.15
594.1
103.21
-322.12
586.2
506.26
-92.7
-695.13
514.9
838.28
-493.15
497.18
243.9
-233.23
-982.15
-292.11
-393.14
-178.4
370.2
-132.2
-880.11
799.13
-434.8
869.8
-759.17
-1022.9
282.15
-445.13
806.2
-862.7
-169.13
-932.2
335.22
-255.4
-960.22
480.2
-747.21
707.14
337.3
158.5
842.9
793.17
579.9
-968.6
728.1
-141.8
15.13
377.19
52.26
-636.22
511.25
-766.17
632.17
929.1
870.14
576.6
665.4
-131.1
150.2
144.9
-462.21
-289.22
-195.3
-239.25
-528.21
98.17
492
692.19
605.23
359.12
602.2
-89.5
659.26
284.14
139.13
-683.24
911.1
880.16
-154.4
-416.2
642.9
285.31
70.7
-98.31
327.5
857.21
-203.15
-521.1
-843.4
-704.12
-508.31
-279.13
-932.16
-421.15
-795.23
604.15
-574.22
-556.3
-960.31
58.22
880.18
-89.31
3.22
262.31
318.22
541
165.5
855.17
-450.31
-408.5
-948.5
-717.31
932.14
-572.17
-699.16
4.1
530.16
817.9
-444.17
796.2
516.15
-604.2
232.25
-893.2
-355.1
345.3
-895.14
-866.1
-952.15
-471.17
-765.31
-525.23
-411.18
111.22
-986.5
415.5
-688.12
-580.19
-409
211.13
44.15
-638.2
834.25
-951.23
9.5
258.28
-500.5
870.15
670.22
-787.8
112.1
174.27
-1007.27
404.12
-169.13
-653.29
315.9
190.11
880.31
421.28
837.7
-633.2
464.16
-697.23
635.23
925.25
-118.15
-532.29
-702.21
-543.23
195.31
298
430.21
167.15
849.2
-903.15
476.31
-230.23
-677.22
-273.3
108.8
255.2
110
-179.18
614.25
164.28
805.6
781.28
-528.23
-952.29
-920.22
-727.15
-519.2
-411.3
518.25
-318.27
241.24
-919.9
-798.19
429.24
-416.2
344
-513.16
229.3
-792.1
-173.9
-970.19
291.18
-431.24
-632.5
-656.8
202.23
537.14
-113.4
-126.3
597.2
864.17
515.17
740.1
30.25
-735.28
-401.5
828.31
-205.9
-619.19
921.19
-258.4
766.28
-990.11
-269.21
-715.19
-156.13
735.28
-643.7
446.31
-460.5
735.14
657.2
417.8
-913.23
359.31
-709.11
162.11
-680.15
903.26
184.28
-809.23
-761.28
769.19
-636.17
-555.13
-880.26
274.29
-950.16
875.28
-321.26
-864.16
-475.16
57.16
134.3
535.1
-719.7
709.28
-823.22
341.13
-751.28
-152.4
808.26
467.3
652.31
-589.31
744.14
-268.18
673.11
147.6
109.9
-318.22
-116.23
-410.16
162.9
553.2
-349.11
164.17
824.3
238.14
-941.9
-562.5
-161.24
346.1
-459.17
445.24
328.19
-121.7
641.31
-980.1
605.12
314.29
937.7
195.5
424.12
-552.9
-316.12
272.23
795.3
841.19
-472.17
320.6
155.1
-231.26
-1019.12
-571.8
-271.26
240.11
-923.16
53
-301.14
270.12
397.9
872.14
326.25
837.7
413.23
282.6
603.2
-355.29
-209.16
-650.22
114.19
-163.19
-695
-595.4
-490.1
710.19
-436.18
-639.1
-386.24
-586.16
-857.28
668.16
851.14
30.26
-751.1
-798.15
384.3
669.29
386.1
-995.14
850.29
775.17
253.11
768.25
-253.22
-96.31
-950.22
455.5
-626.2
-254.11
668.17
215.23
-888.21
-764.3
-887.11
-609.23
736.2
-602.15
201.18
-958.1
-228.14
196.11
-97.23
-888.23
548.15
-671.1
-832.17
764.2
765.24
-692.1
485.22
-951.5
56.15
-859.7
-360.6
192.14
-499.28
244.28
-102.7
918.25
29
101.12
736.24
-743.5
-593.5
775.1
-618.2
-898.26
249.24
-135.16
-874.7
-599.19
-866.15
-954.1
-165.16
-1004.28
15.4
72.1
484
-114.14
114.1
476.25
301.4
-359.18
762
802.17
-568.7
-607.4
564.25
14.3
809.14
-1009.28
-223.9
262.31
146.21
-307.28
868.7
341
-919.2
-404.1
924.28
-131
815.3
-790.2
-794.18
477.1
-311.22
-212.7
-916.22
338.21
-209.15
932.25
-731.5
761
554.21
78.1
-705.25
7.13
-104.13
146.13
936.2
323.16
-640.9
-748.4
-830.7
381.24
803.27
-323.12
716.21
527.12
-935.1
-143
-232.3
-984.21
416.12
-658.2
227.1
-598.3
251.29
771.19
190.1
236.15
122.25
-267.5
-783.17
318
574.18
81.25
506.16
-360.21
-867
636.28
196.11
190.26
881.26
116.25
-835.23
-170.21
429.29
590.1
186.15
241.9
-898.9
128.1
491.6
470.21
321.4
-226
331.7
-498.8
154.3
-765.5
805.2
506.15
704.3
-234.2
655.28
-638.29
-960.31
172.2
597.15
-973.2
433.12
194.11
923.9
157.19
472.6
566.28
905.19
-687.23
-534.25
-265.25
44.29
-341.5
25.23
75.19
382.12
308.22
736.31
926.14
713.5
-321.31
-405.19
56.7
105.19
-946.3
764.17
-438.22
-565.17
683.3
381.4
353.31
-633.26
-167.18
525.7
314.3
338.26
114
-750.21
855.1
-505.14
-643.22
-295.22
145.12
-98.9
-974.28
104.11
6.16
487.3
-152.17
111.11
-445.9
-839.23
790.27
-899.18
-598.27
-108.19
193.14
-320.28
471.12
-590.12
-748.29
-122.8
435.21
-331.19
-759.13
-747.26
353.24
-248
-550.17
-769.7
178.31
-469.28
-754.3
-1004.13
218
-494.12
-283.31
-943.22
-94.6
170.8
548.17
-444.21
629.12
-236.16
266.24
346.5
342.1
404.24
-714.27
-871.31
458.13
694.29
90.15
-284.4
-280.17
-369.26
885.7
-629.18
125.18
778.1
286.31
-564.8
906.16
-806.11
592.8
-209.14
398.12
-903.15
892.29
398.11
-477.13
-943.31
-172.23
-304.31
304.11
671.17
747.14
301.25
-281.2
160.13
-573.25
95.4
272.16
-912.1
-947.24
781.3
-651.7
-661.24
618.1
847.14
-140.31
-812.22
-169.2
788.15
352.6
-629.17
936.6
-117.6
142.23
-503.16
796.21
-954.17
-238.22
451.28
425.22
-781.5
909.18
-1015.11
674.15
-266.21
-420.28
-1020.9
-750.11
517.24
-952.18
635.8
-164.16
52.29
368.3
100.1
922.27
-806.8
-579.22
-949.6
-100.19
664.17
728.27
235.18
-472.31
-576.2
157.26
-775.21
683.11
230.18
530.3
474.6
231.25
-593.16
-571.29
82.8
69.13
127.5
-633.23
-413.31
413.1
-570.28
-411.31
-214.18
-257.17
-179.2
-845.25
-544.14
694.9
-380.31
609.12
-480.8
-732.26
-533.3
-865.27
-902.19
444.2
13.24
760.18
-464.18
-751.22
330.21
357.16
13.11
520.11
-313.2
-178.29
734.7
-438.4
-425.2
-898.24
-666.23
-886.13
-818.13
-249.12
637.11
173.26
-130.14
752.13
-345.27
-336.5
-710.8
-1016.12
372.19
-529
727.14
817.11
33.13
41.15
-714.4
728.26
-724.21
-384.7
-591.19
412.25
-183.24
923.1
-636.8
256.23
-692.3
-944.1
397.3
9.16
-949.12
40.27
397.8
-940.11
-1005.2
827.7
555.19
90
792.16
-266.11
813.2
275.9
-531.24
224.24
777.7
-130.29
331.25
800.5
471
-279.31
-425.16
119.7
438.5
-912.3
314.3
-508.15
36.9
-872.8
64.18
457.12
-894.8
-708.29
-1019.16
-307.11
47.9
63.8
615.2
-320.24
241.1
-666.25
-278.3
526.2
435.22
-594.8
-1009.19
486.11
-886.26
-487.17
-470.17
57.12
556.31
-148.14
172.1
-277.31
-98.2
832.4
-714.31
-328.24
59.19
-704.2
18.9
73.24
-179.26
-456.1
47.28
212.3
-886.26
782.24
351.5
503.3
-788.21
-565.13
104.7
-733.25
727.26
-754.23
-649
-895.31
100.2
-257.12
-327.27
394.22
703.11
605.11
474.2
123.1
-861.6
-187.26
-151.14
40.1
560.17
-459.3
779.25
687.8
-256.9
-604.23
682.15
108.4
72.2
853.28
-439
296.21
-418.21
-654.19
848.3
-663.4
-291.21
-776.14
288.1
266.9
-758.28
725.16
-298.3
-624.25
-1001.27
886.23
794.1
-622.19
-385.5
558.3
906.28
-289.31
53.16
154.16
-228.1
-885.11
-97.2
755.7
522
771.24
-860.3
-757
853.17
-811.12
-170.21
190.3
883.22
325.3
-152.26
-685.8
282.15
-161.12
540.13
812.17
-823.18
-178.12
827.5
936.9
637.5
-808.21
-524.3
-225.22
709.14
-544.16
707.19
740.31
38.2
320.13
-1022.1
634.27
-380.6
629.27
-595.16
-312.27
-369.24
-523.5
12.23
-833.26
-96.2
-853.1
-382.24
-581.23
-522.11
515.9
782.15
-825.6
-125.2
281.15
-327.22
-509.12
297.16
-685.24
503.2
837.9
115.3
-223.3
285.3
-824.23
711.29
840.3
-596.7
-694.8
451.28
226.29
483.31
149.2
-615.14
420.29
-794.12
543.3
-669.7
-997.12
606.27
-448.5
-757.6
-524.23
131.24
135.11
8.1
-343.19
-720.13
625.4
-592.12
446
641.1
894.26
-319.19
251.23
-433.24
827.3
-534.28
-419.3
495.27
416.31
-473.22
544.1
173.1
-860.6
491.25
535.2
820.5
-861.15
-885.25
-796.6
-591.16
202.14
-383.7
-1003.21
-350.7
-407.9
-239.2
-181.14
808.6
-485.29
518.2
845.2
169.28
-855.4
-402.24
-176.24
-630.15
-464.11
-653.29
-158.29
577.13
924.11
-801.22
-196.12
-199.23
699.24
923.8
-548.2
-938.31
-827.7
-299.19
-705.9
535.26
318.12
822.21
-469.9
-200.18
-497.12
-265.9
-530.17
-829.9
-117.4
-294.11
-665.26
399.16
553.5
-264.28
-393.14
775.4
-789.9
496.29
-614.22
645.15
-271.2
384.9
935.1
89.17
-453.4
471.14
522.27
-638.31
45.27
-982
-386.15
-974.31
741.7
706.14
423.23
782.11
49.6
366.4
161.2
195.27
818.26
-237.21
717.21
830.19
464.15
920.3
-643.25
361.3
572.7
-545.4
488.11
205.17
243.17
356.7
573.25
24.26
-641.8
-954.22
554.31
935.16
18.11
-655.24
-343.2
-552.25
-720.24
163.23
109.11
-856.3
104.2
-841.12
-790.4
-896.9
796.13
156.22
-528.1
-728.9
-229.31
-375.1
37
-161.24
-978.25
-731.1
814.29
-923.7
-172.17
-89.28
-973.11
435.4
55.2
229.5
11.18
-152.24
-952.9
808.8
775.22
55.16
423.3
-728.29
679.1
-648.3
-87.6
69.11
-433.3
863.18
-87.2
64.21
-879.22
810.23
304.27
755.4
147.18
137.22
518.6
858.31
132.1
-948.1
-343.11
-225.17
468.2
-587.22
496.24
619.4
559.19
25.21
-549.19
-159.16
282.21
752.12
324.19
-327.16
-534.12
793.31
62.16
287.28
439.11
255.11
284.11
106.5
782.14
533.4
636.1
-381.1
-391.9
377.9
451.3
15.1
-544.7
72.17
54.8
18.24
627.8
325.28
-488.5
-755.5
-222.24
-258.22
874.3
36.26
-323.28
202.27
-901.31
-757.7
210.4
-647
789.28
-719.9
832.26
-529.29
495
-213.24
-640.29
142.9
528.23
792.25
619.23
-146.8
115.24
437.5
-1005.7
-615.23
-635.1
-455.31
628.6
-787.28
14.2
810.29
-428.3
58.17
39.24
-468.9
-670.29
213.16
551.22
112.28
331.19
811.22
-848
609.8
-765.3
465.13
106.2
222.26
556.24
-353.8
809.1
132.24
-571.9
724.15
624.6
333.9
312.7
-199.25
-635.14
-455.16
-727.26
-118.23
-972.14
-756.13
-524.1
-559.13
-238.24
-291.6
576.6
-796.14
-296.25
643.17
-243.15
-342.2
934.2
-912.8
221.15
-282.23
89.24
-751.28
368.14
-681.2
633.27
603.21
-621.5
-996.27
330.4
904.29
302.24
23.28
-332.26
-152.25
-374.6
607.9
-733.2
-456.26
710.27
-360.12
433.11
223.3
-985.5
-182.22
-223.21
759.8
85.12
-287.4
-169.19
-450.1
909.21
886.12
641.25
316.8
-984.14
329.14
408.18
-815.31
530.17
-783.14
648.13
453.15
919.1
-304.22
-883.3
315.18
-523.11
-912.1
-524.31
404.13
599.11
-446.15
-542.1
757.1
577.21
-362
830
131.26
673.11
-877.25
9.26
814.14
916.22
-500.3
347.3
-431.16
609.26
691.16
65.27
821.13
-132.3
-170.19
-860.2
-605.19
-236.7
544.5
562.7
-593.19
-283.3
302.2
-676.11
-942.16
441.22
827.26
259
113.12
181.6
513.22
-814.8
916.14
679.23
33.3
-992.1
-442.22
496.5
222.22
604.12
420.17
8.31
-356.15
-789.1
-368.23
-908.8
169.13
0.2
85.8
402.18
-586.1
-109.15
47.8
791
-111.29
-809.2
373.26
289.6
-286.3
-477.9
377.1
75
-870.16
-250.16
-560.17
-302.21
-792.24
115.21
67.17
227.22
205.17
-270.9
769.9
-965.17
-474.18
103.22
373.12
-841.21
-188.4
-308.7
520.17
-387.24
-292.5
-226
464.18
894.1
-189.11
755.9
272.27
877.21
-899.13
794
859.19
-932.26
-663.11
-906.18
209.8
-649.8
472.3
746.29
-1010.11
558.1
-278.2
-556.16
-337.3
-922.4
-464.28
-533.15
-576.22
-511.4
64.23
739.6
103.22
623.6
-663.19
539.3
316.16
726.22
886.29
251.29
30.5
-917.3
440.25
-538.19
-221.8
-921.25
919
114.17
905.26
-513.12
154.8
-652.6
701.5
-509.24
-970.19
610.1
-268.14
467.9
-506.4
916.23
-458.29
-761.4
-362.22
875.31
-690.26
-510.5
752
-391.22
-655.31
-348.21
790.12
73.29
-156.23
590.15
-133.11
754.11
-815.27
-104.22
540.12
-100.9
664.17
-794.24
-724.11
840.1
847.22
-936.24
281.26
-848.1
606.2
496.11
109.2
-719.15
-143.11
347.3
-660.17
883.19
896.5
-859.21
-743.26
483.7
-910.22
-1021.28
482.16
-330.26
-250.15
-377.5
-428.24
-406.24
766.1
486.1
-733.15
-699.22
492.11
63.19
561.28
-837.19
766.15
-958
-174.31
167.25
566.11
-248.17
171.24
415.17
362.16
-918.15
214.26
25.15
-249.25
413.27
-753.1
388.7
-405.25
-830.26
-195.1
-853.8
-863.23
-490.15
-913.12
195.18
322.15
658.15
608.4
-647.22
96.27
934.27
-520.5
-799
-778.31
107.19
343.18
-404.1
553.19
294.18
814.28
-930.3
-799.3
-283
-352
-217
521.27
912.16
272.7
458.2
-276.4
175.17
408.15
-221.23
674.25
517.21
-868.28
-835.15
-663.17
-578.1
-322.7
737.26
-602.25
-531.12
-891.16
441.19
210.1
-1010.19
-327.23
-520.1
-509.22
232.2
-726.1
-847.21
779.3
-383.13
-868.22
54.8
532.3
204.23
723.19
-398.31
-629.11
-997.4
289.11
-796.9
600.23
-708.1
-871.26
-999.25
432.16
-1003.5
-428.11
-978.16
808.3
664.15
369.7
-535.18
-499.2
-236.6
-980.5
-217.5
878.3
-281.9
648.24
277.27
303.7
-372.3
-795.1
701.25
-822.7
-809.2
-871.15
157.18
-873.13
545.8
3.5
-865.24
-979.17
-756.31
-302.4
526.14
-87.5
-783.5
-727.25
819
710.24
416.21
-515.3
782.16
871.24
487.27
-165.6
763.23
623.27
-960.11
-504.3
601.24
-556.3
-979.6
-124.24
-531.29
605.3
261.3
-669.2
136.29
-94.18
-804.24
-853.17
496.27
701.9
-864.22
-854.2
53.13
113.3
588.1
288.23
274.27
436.6
-875.28
-589.27
-279.17
-162
501.29
-526.7
397.16
-145.9
874.11
-660.28
-627.12
921.26
-561.21
473.25
739.31
-187.8
789.31
658.17
-544.26
400.6
-233.16
709.2
-562.7
284.9
-616.8
-651.15
-810.1
-129.17
-818.18
594.6
-221.2
-686.16
577.5
423.1
589.21
73.12
820.23
-744.27
342.12
645.14
319.15
544.14
-214.31
927.8
-276.3
-492.2
606.16
-371.2
744.28
-475.1
-822.3
181.1
-350.31
-222.8
149.24
668.5
475.3
-280.12
-161.31
-873.8
614.19
185.31
220.15
247.5
-959.21
-347.7
400.14
299.2
-737.11
-167
897.16
321.22
525
-401.3
173.12
703.1
-186.6
-224.3
40.11
663.27
793.14
300.13
93.12
-419.24
230.28
-770.27
-312.2
-168.29
-347.21
-403.11
-184.4
812.13
85.3
-682.14
845.13
-261.18
-409.3
-724.8
586.2
310.9
3.6
882.7
-602.2
-139.27
557.9
-714.21
354.18
907.13
213.6
-649.17
-837.11
-634.22
-667.1
800.31
447.19
588.14
-232.23
331.17
523.27
-782.5
-551.23
-665.1
-793.23
705.28
584.3
-552.27
499.11
-993.16
417.23
-451.27
-133.3
119.13
819.2
891.15
365.9
429.8
210.18
109.6
-114.25
-600.12
-86.25
705.17
903.6
607.3
758.21
837.15
253.7
149.28
840.19
244.27
819.16
652.1
-904.22
-352.6
-218.16
569.23
417.29
-363.15
195.19
-424.12
-413.29
-904.5
239.16
766.17
-953.14
818.2
-823.25
-721.25
735.11
151.18
-341.15
-344.22
-701.27
30.16
724.22
-706.5
-867.26
-1019.27
-842.18
782.5
-1008.15
-568.1
124.3
187.17
-422.1
-503.11
515.22
-971.28
-636.3
-963.14
-850.29
-1007.5
831.16
12.19
-206.22
-105.6
-407.2
84.13
-735.3
538.17
910.3
-602.22
-500.15
326.4
-705.28
609.5
-890.4
348.2
647.4
-953.25
708.9
-487.3
290.3
438.15
378.19
-159.23
-954.27
-916.28
-816.29
-193.1
-969.6
6.8
-666.28
27.11
-840.25
-183.7
-477.8
1.15
629.25
653.11
866.22
439.31
804.13
788.29
1.23
-520.18
659.12
-337.26
899.3
886.5
-286.28
806.1
99.21
44.25
109.29
252.4
186.8
808.13
274.3
20.14
715.15
829.28
926.2
-158.16
-333.16
-521.11
221.7
428.15
-526.23
244.15
-799.1
766.23
666.21
-884.2
508.13
-419.15
-925.12
352.1
-440.8
-599.5
859.21
-694.5
-115.7
-87.16
483.28
-730.1
716.26
-444.18
206.9
-332.26
-819
-887.5
-554.7
-574.1
452.15
746.7
648.15
801.7
-110.31
702.7
-463.25
-457.13
-784.28
-549.4
-839.1
444.28
-977
292.25
880.19
-626.6
924.17
929.29
-930.2
232.23
-208.7
-232.24
-463.5
-104.15
-490.5
-805.18
493.23
764
908
-527.18
85.18
520.13
511.21
807.13
-188.3
-840.31
-610.12
-674.3
807.29
-693.1
80.1
571.13
-611
484.6
-369.13
588.19
-462.3
-421.2
-374.18
-924.19
325.15
-116.25
613.18
-654.23
-197.19
-181.28
-756.7
-130.26
-988.5
-419.17
565.3
813.7
-203.12
-821.14
-625.27
-285.24
763.19
725.28
-995.2
483.28
193.28
7.7
-427.16
-651.24
85.17
-624.5
-562.12
120.22
-803.18
134.28
-978
-650.8
841.15
-955.18
547.19
164.1
863.1
-370.21
-745.18
-615.3
-953.1
-898.2
-487.13
898.31
-991.15
456.27
-864.14
302.8
-731.3
-589.26
399.22
338.21
417.6
-775.7
738.3
778.14
-746.26
201.5
-194.9
-489.27
692.18
-143.12
932.13
150.2
615.14
-885.13
-382.12
-204.1
-966.2
-1003.2
-231.22
86.25
322.12
339.24
-685.16
-848.19
55.3
-432.3
-631.11
-118.7
-970.5
-153.1
702.2
887.1
-302.2
557.7
281.12
-756.12
46.19
595.16
931.3
760.3
-535.1
-472.3
-575.13
522.14
-850.5
-140.5
235.22
-956.3
-559.31
-116.2
551.22
196.2
724.3
792.18
874.5
805.26
753.12
808.31
149.2
835.24
-758.28
313.16
366.2
698.19
43.2
621.3
877
-808.18
-831.16
-459.17
-273.22
449.8
326.19
-614.25
-144.21
-299.3
467.18
434.8
-238.31
-561.4
-145.17
-613.2
895.5
461.15
169.2
921.29
630.27
449.8
-413.29
-639.11
195.28
-645.1
-724.1
-881.19
754.2
-263.19
893.26
97.4
-217.19
-623.1
-929.25
888.3
844.11
832.14
-112.23
-599.5
-408.29
-152.3
26.23
533.22
-111.19
-1006.7
-220.4
-935.26
-454.17
-497.24
815.16
-997.3
866.23
622.24
611.19
-944.23
-155.9
-834.6
-295
305.9
309.24
-410.11
-594.9
642.29
652.14
-551.27
-140.14
-300.1
-510.1
792.28
-308.14
-671.22
753.28
588.28
134.3
185.8
-896.11
238.14
-352.23
914.26
-504.1
-95.28
475.2
-694.24
716.26
597.28
339.1
444.21
273.18
71.8
10.22
-547.31
287.2
-875.31
210.19
-316.3
702.29
397.31
548.7
-900.21
262.1
-683.28
-722.1
216.5
558.21
-469.3
-559.1
638.17
611.28
191.18
636.31
-347.9
778.11
-131.3
190.1
270.31
446.4
-602.31
-727.16
447.11
-460
-468.1
481.2
-523.3
506.16
-808.28
610.15
-353.29
-509.12
817.8
225.1
931.3
-641.27
-565.16
163.24
-921.18
857.1
310.21
400.1
-381.23
110.31
-257.25
415.14
-958.25
-257.17
-889.28
283.1
-125.26
-472.14
-751
-108.13
-387.17
-937.9
455.5
673.31
681.8
510.21
303.22
-610.26
545.31
-347.19
-299.4
716.28
-876
774.17
886.23
-184.2
-140.4
-843.9
915.2
-185.2
684.21
-711.2
618.11
-444.31
-689.31
-136.29
305.17
-380.7
790.7
-464.28
-498.24
936.7
-894.21
-964.29
-516.21
693.26
-126.31
610.14
465
75.21
-356.12
273.22
423.13
-159.1
-227.13
-246.15
-207.18
-341.15
-595.1
752.28
201.14
-972.9
-136.11
188.29
-130.19
34.13
-119.29
289.15
-648.7
-396.25
35.24
369.15
-772.6
174.25
891.3
710.7
-217.19
57.11
-361.11
582.17
-174.18
273.13
284.26
626.2
615.15
-598.15
-511.6
-532.1
-780.6
-311.28
808.5
70.2
75.1
-142.2
534.14
730.4
557.2
-188.28
-703.6
355.3
219.8
-516.21
-447.19
-609.1
84.1
320.7
103.16
-938.26
-372.1
-406.1
-262.14
-702.22
-518.1
-1018.22
-221.2
-654.24
242.28
-518.15
-108.14
621.3
-664.16
622.11
-610.29
86.29
-941.23
658.13
-384.1
92.9
550.25
723.22
-448.14
272.29
347.7
308.1
537
652.9
500.24
173.14
-233.15
928.21
-597.1
479.8
556.29
-404.19
-944.26
-999.2
601.6
-718.7
77.5
751
158.25
501.2
385.2
36.24
-650.24
-88.31
-791.23
-299.21
-560.16
-497.12
-442.16
266.18
757.14
-686.6
-825.22
408.29
-135.2
300.18
359
-614.21
-726.22
614.3
926.7
-199.22
-273.9
-120.16
207.25
-160.22
-86.23
-981.4
837.31
258.27
-857.22
-844.9
-624.18
-1000.21
-639
-967.31
-357.6
1.14
-941.16
-945.6
-783.8
-113.23
-870.31
-780.2
117.21
283.24
-252.2
472.12
-913.12
-679.3
687.28
-502.5
101.5
162.6
-716.29
-717.23
-865
42.27
904.4
845
580.1
743
-926.3
-116.4
-396.17
787.3
569.1
-920.7
139.6
223.13
731.4
580.13
212.16
247.7
81
-786.25
143.22
-459.31
124.11
590.16
221.3
493.29
573.1
311.3
-142.7
506.14
858.22
181.24
461.17
105.21
-135.1
-106.12
-331.15
369.2
-510.21
325.7
-182.16
818.12
-876.6
813.26
316.1
-676.24
-346.28
598.25
151.18
503.16
-588.13
194.31
-475.23
741.19
-918.19
-223.11
-953.21
-416.6
-109.28
35.7
-575.18
-600.12
-778.2
341.14
851.22
403.5
-1002.11
706.22
-602.27
-211.3
-523.28
504.26
263.1
752.28
-857.4
153.16
94.2
-493.2
-714.24
-785.14
540.18
-910.31
-659.26
916.26
-596.18
397.26
360.12
-611.29
-974.5
527.27
-852.17
-939.27
252.9
-419.15
-305.1
56.29
-623.29
389.1
-644.22
837.23
-537.9
-904.25
72.3
614.9
460.24
312.11
881.12
27.7
-901.2
-527.3
-97.21
-602.11
-199.9
97.2
870.11
639.2
699.3
-688.6
97.31
502.26
-164.2
114.23
247.2
-584.2
-133.15
550.1
-847.3
353
93.3
551.24
895.3
-310.31
-184.8
-404.25
-769.21
332.4
865.1
700.1
308.29
142.2
-947.3
249.28
370.23
673.22
645.17
920.21
-570.23
-108.11
-812.6
-857.28
894.11
-432.12
-203.8
-501.28
569.21
-606.3
-765.19
-123.29
-572.28
207.15
-623.21
654.5
-982.19
860.27
716.2
322.22
-869.5
34.13
-925.8
-331.3
-979.6
-650.9
486.1
-837.12
-349.28
390.28
-685.2
520.23
-535.24
-198.15
250.25
476.13
-929.21
-180.23
-774.27
890.22
-938.31
-736.1
-730.15
-257.5
799.19
-454.26
652.1
-1000.8
155.9
406.26
-693.12
538.3
674.19
520.5
-350.2
93
-444.19
478.5
-952.3
-483.27
-877.21
321.17
-160.3
752.18
134.26
-185.26
-664.25
633.4
480.29
543.4
-823
-867.21
542.15
896.3
566.14
-260.6
-312.12
243.6
-987.9
150.4
439.4
513.28
904.19
-259.3
-683.9
-170.3
-304.4
136.19
-727.25
783.27
561.13
19.6
-830.18
511.9
-1007.13
67.17
584.9
-689.16
-971.23
367.1
910
-878.12
565.22
-867.1
636.11
248.16
-1009
672.2
-701.9
319.8
168.8
-212.29
796.25
830.19
311.28
-236.31
-399.18
174.11
710.8
-423.28
338.18
609.13
-920.9
-671.5
661.1
-211.1
796
201.22
654.21
-692.21
-246.9
381.17
-252.1
-393.31
-402.3
-145.3
-560.19
432.11
-313.23
-211.2
569.15
-857.25
-686.31
600
485.23
540
-365
686.22
901.22
474.15
-616.8
-753.12
478.3
825.24
268.3
256.5
-404.12
-540.24
-832.9
930.11
359.15
849.5
-204.3
-690.8
619.12
386.9
177.2
878.9
-142.28
-933.9
-408.28
464.1
849.1
-672.4
-520.11
-652.9
-505.1
-939.3
301.26
-621.13
186.12
-398.3
-730.3
768.14
115
-610.12
-668.1
-558.17
565.13
-518.5
-880.27
-497.1
387.1
-634.3
452.13
-667.23
254.29
849.2
675.14
-191.3
253.9
-832.29
-819.25
-421.15
721.27
453.5
595.2
-750.12
79.2
-712.9
685.24
-531.5
-486.24
-996.2
554.29
786.22
-804.1
62.29
-140.9
686
-849.14
324.9
908
-455.17
460.22
557.28
-414.17
-813.18
-256.28
-133.18
77.8
128.23
845.29
69.3
725.1
-704.2
-803.25
-617.7
-260.13
-99.18
-816.21
391.24
-976.26
25.18
-707.24
4.1
-299.28
-582.6
-780.18
581.3
-335.26
76.19
-621.22
-565.11
-628.1
372.15
-170.28
370.16
737.1
-480.2
-1022.17
-434.28
-433.17
-657.11
863.2
-739.23
442.2
842.21
-353.2
-249.21
-625.11
-502.31
-388.2
-243.23
629.18
-243.8
452.23
-791.2
73.15
814.22
-800.17
692.3
462.3
678.29
227.26
-564.23
-815.15
8.6
920.2
-265.8
-186.19
-288.25
437.1
473.1
-992.1
-521.17
663.28
606.14
-937.22
-668.31
-731.2
-946.3
102.16
455.27
594.6
-100.6
-675.16
148.5
913.3
-591.28
-111.17
-408.19
21.4
862.8
-618.1
253.4
-583.5
565.28
383.2
-917.24
-754.1
-564.1
-271.9
652.27
-969.2
508.7
-372.5
-130.3
667.8
16.19
-631.18
-94.17
3.3
608.28
-1015.2
766.1
-401.11
98.25
-647.21
-570.18
228.3
384.23
679.1
-914.2
-350.24
291.12
379.15
283.12
162.9
-898.14
-745.12
-192.8
321.1
-564.21
687.26
-455.29
29.3
754.25
384.24
-347.7
552.3
474.27
693.5
-694.11
-805.4
-295.8
-196.17
-490.18
-803.4
541.5
243.11
225.31
-799.31
724.1
-753.14
-436.4
194.24
101.29
-890.18
-923.13
-625.1
-503.13
-272.12
554
484.16
867.11
-946.23
718.22
560.26
533.1
832.14
860.18
499.22
-414.16
-968.3
-430.3
-666.26
872.5
39.23
902.25
662.16
79
-281.2
896.21
424.1
-508.31
339.17
698.29
-1010.2
-233.25
75.12
137.3
-130.17
343.1
-764.27
-571.2
901.16
-831.28
509.1
503.7
-466.23
-92.24
-414.17
-336
578.9
727.27
-875.18
681.1
-400.2
392.1
-970.6
618.27
749.19
452.31
-183.3
-624.15
726.1
462.23
871.3
846.27
171.12
743.16
431.7
643.26
238.17
681.5
-485.22
451.19
-94.7
-773.3
597.2
210.4
345.22
-668.2
-699.15
-519.4
47.13
-847.12
700.12
-1011.22
781.26
-112.5
-976.22
-352.8
649.7
312.4
-525.24
-1016.16
695.2
138.14
98.1
280.2
-253.21
-430.1
-745.16
147.7
-438.23
-371.22
-121.23
-328.9
-411.14
-330.4
-407.24
123.14
127.1
619.1
692.11
-514.7
-641.21
627.9
921.18
249.3
-284.13
459.14
163.31
864.7
-332.23
-661.4
801.1
-876.2
915.15
-478.9
-171.24
-209.26
-739.8
-637.12
689.7
221.26
-576.3
706.7
-987.1
376.13
-727.21
761.19
-719.23
-497.6
-214.26
256.16
-762.15
-932.16
838.6
746.31
-447.5
-165.13
-960.6
699.24
-219.29
78.14
-656.5
213.13
-640.7
-113.29
451.1
439.7
281.8
-489.21
696.2
-494.27
-549.3
-385.22
864.25
111.8
799.24
-890.22
-361.6
-227.31
769.27
-407.7
-872.24
455.31
456.22
346.4
551.9
-968.4
-174.9
-165.3
792.8
395.29
-227.11
869.17
-482.2
-940.5
410.21
-715.26
-962.5
-322.4
-461.24
-978.11
-400.29
-485.14
-241.29
198.12
912.3
303.18
111.8
802.2
34.1
-129.3
-621.6
-945.17
878.2
-881.1
-266.7
632.21
-491.6
-824.11
324.19
-842.28
-928.11
-684.26
858.6
-123.12
-880.2
471.11
-603.7
-530
-475.3
520.11
-435.31
-343.8
-519.9
253.18
-358.13
99.31
-746.25
509.19
99.29
-485.5
-140.23
-636.3
-353.11
-527.6
-874.6
601.3
24.31
-497.12
-196.2
-628.2
-173
105.13
922.24
569.21
-488.1
-1004.9
240.31
-782.12
892.3
846.13
712.26
481.14
774.31
-772.27
-934.3
-802.5
-928.15
-512.25
690.19
819.15
338.9
517.23
-857.22
-959.18
286.18
919.11
486.23
423
-947.23
-409.5
507.15
390.2
-151.3
-956.14
-639.16
401.19
54.7
27.17
-451.1
-227.1
-761.16
127.13
-696.25
392
-422.3
-898.27
192.2
-619.8
-426.29
526.28
-655.2
328.24
853.29
-367.25
481.9
590.15
-756.31
-1011.19
-599.26
-742.3
731.6
-638.5
651.2
-790.8
195.19
-562.5
576.2
154.31
165.6
-241.14
593.13
-787.1
906.2
368.18
0.16
579.2
760.2
-736.22
-371.11
-682.29
-445.31
-700.3
-521.28
193.17
632.14
891.4
-325.21
-118.7
587.21
-982.9
-286.25
45.1
-92.27
301.22
-361.5
562.7
-777.31
-317.27
-815
566.3
-839.2
-444.9
243.29
148.23
-592.5
-757.25
527.17
337.14
-234.1
119.21
594.14
702.31
-843.31
323.6
-380.9
895.25
-952.26
-109.22
212.29
-626.23
-605.1
-518.29
-460.19
-418.13
-422.8
848.22
-709.23
-844
390.31
-156.23
-139.19
-345.28
790.16
-557.5
-1003.12
-441
-158.2
-116.4
-591.25
-696.26
735.11
-502.23
-578.21
-601.29
47.28
-873.16
-684.25
-211.5
-900.2
166.21
534
318.22
44.17
738.18
761.12
-780.6
707.9
841.31
147.23
824.2
410.31
336.25
-811.14
-859.11
855
711.3
86.1
174.15
309.5
428.28
-312.9
698.8
-866.31
865.12
-330.11
-740.9
272.31
831.1
563.17
-169.19
432.5
316
-688.19
-398.18
-696.12
-460.7
598.31
371.27
520.5
-742.2
-106.1
287.1
32.13
-654.3
-416.22
-199.22
723.13
5.25
488.9
389.26
292.11
45.11
540.3
-892.9
-636.26
266.21
-420.9
-761.11
370.9
-559.26
-635.29
-698.4
-803.16
-768.4
-354.11
-499.9
-303.28
146.17
-189.25
-600.22
-858.26
334.2
-343.12
917.24
-392.23
527.2
-743.12
-266.14
742.15
-483.31
117.12
722.3
-644.5
-88.21
400.3
768.23
-749.15
-369.27
-841.6
522.31
689.9
455.5
241.2
-495.3
-218.29
340.25
642.7
745.9
715.1
-503.3
-807.13
-484.8
600.24
-885.1
844.7
-829.18
-406.25
-996.27
103.18
412.31
-947.6
-700.28
42.17
699.14
634.3
285.11
-759.19
762.15
829.12
-797.6
850.31
96.12
684
549.6
785.1
-736.11
857
792.1
107.14
-180.7
-327.12
-592.18
813.23
-400.5
-971.19
305.24
-684
695.5
91.25
-591.2
-976.29
142.7
368.13
-1021.5
109.14
-520.3
-955.23
-431.13
182.31
77.2
58.6
-643
-690.9
867.17
30.13
-896.5
-254.13
2.2
-870.18
488.11
667.12
216.26
416.18
-931.22
-115.5
-609.9
8.22
-212.6
-466.9
-980.9
-1021.12
399.16
474.1
-975.6
751.28
-1017.15
857.27
-955
511.3
-760.21
-474.6
129.16
270.11
305.2
-816
-679.22
-866.28
-579
-877
-308.23
298.4
532.6
-197.18
-587.5
777.18
223.4
583.23
-985.23
435.16
-400.27
662.1
881.21
424.3
-427
880.6
870.1
522.19
-990.7
709.28
-456
-634
-468.29
-236.31
796.23
618.17
-642.25
915.9
-1007.22
164.14
117.5
193.1
474.4
251.18
532.9
-605.2
-522.4
-729.31
-911.13
-178.28
154.15
594.24
-199.1
-123.11
905.16
-861.3
866.1
-806.7
-976.22
-102.28
-564
779.2
-934.5
-559.16
-715.2
-399.28
-531.1
843.1
542.1
-170.26
752.17
12.6
-997.11
-846.7
216.27
-451.22
364.11
845.26
-977.4
-315.18
-825.31
-251.3
895.28
379.24
776.14
-709.4
146.18
546.21
-821.5
458.14
-927.29
83.5
747.2
-813.24
-522.9
102.29
281.9
-395.26
607.5
602.1
-353.13
-464.8
324.12
334.1
-695.28
-870.3
-215.12
548.12
-136.5
355.15
47.23
54.16
-866.1
250.7
-933.7
-156.24
24.7
-610.24
9.2
-126.12
-447.29
240.7
-461.28
268.9
683.14
-277.3
819.26
-938.8
-884.7
933.18
-797.9
-753.25
523.7
49.24
88.25
538.31
416.24
-155.2
251.3
-399.12
189.6
176.28
-878.27
507.13
271.3
-601.9
-530.26
325.2
-487.1
-498.31
164.13
326.5
333.4
-341.26
635.2
879.13
429.2
-895.14
-604.26
705.18
43.14
-395.24
308.5
148.23
124.29
314.22
-214.25
91.25
-631.17
-516.2
802.5
-739.13
833.29
643.27
-330.3
738.15
-296.1
-757.26
-574.22
845.31
49.24
894.13
-273
-260.23
-172.4
359.3
-612.3
307.12
-91.1
430.11
-380.21
-205
519.2
664.11
432.8
848.18
-498.11
-948.27
-515.17
-912.27
-836.22
706.13
-798.12
437.22
853.22
354.24
-926.16
-359.14
140.26
-800.22
-363.2
234.8
-105.7
-427.17
12.25
658.16
422.7
846.22
194.14
-706.14
-774.5
-644.25
495.1
549.5
-979.1
419.7
-248.14
340.22
-869.6
-562.17
473.13
160.9
-101.1
485.13
105.22
-760.9
-868.2
-696.28
-290.6
555.22
-384.19
-914.6
688.18
189.22
-92
65.14
-229.28
18.5
-1006.15
-1019.6
-548.18
-133
-87.26
-860.3
-1022.27
431.8
585.16
-532.27
818.29
705.2
-736.6
-599.9
342.1
173.28
61.6
704.1
-204.9
-601.23
308.19
-641.2
-360.28
-773.16
923.31
832.7
918.15
-244.18
183.22
77.24
-503.13
-99.18
-1014.27
-273.4
135.1
177.24
520.3
-970.13
-919.2
525.15
-569.17
-103.6
233.24
298.6
-385.25
-926.28
-407.11
894.3
-146.8
-311.28
-125.15
-979.3
272.9
240.27
848.2
-462.29
518.8
-587.9
-363.18
468.28
-786.3
122.4
307
366.28
343.19
-529.1
462.15
613.3
-152.29
363.25
557.23
-263.17
-224.24
155.26
123.3
806.7
620.3
-777.2
-748.23
429.2
893.29
-477.12
110.22
-902.3
291.22
749.25
-947.3
468.4
-747.5
-835.19
-478.29
376.1
150.31
-776.26
595.17
-350.31
-355.27
-647.4
-339.1
298.5
-461.1
-741.1
-792.2
902.14
8.8
-453.9
-135.3
-982.15
-568.13
-983.5
-408.2
391.28
560.9
182.21
-262.29
-498.2
551.4
-108.6
331.3
116
242.21
827.31
-865.2
-1012.27
-590.17
778.23
-619.12
283.2
-877.1
426.3
226.18
210.12
6.6
-546.13
401.16
-136.8
-828.17
-824.14
-373.12
892.18
290.28
-969.18
-915.6
870.1
84.24
173.11
-145
521.2
-172.17
-806.1
-754.11
-528.3
-605.27
792.1
-141.18
-362.6
359.23
-311.15
585.2
-651.1
310.5
511.17
-686.21
298.9
-804.18
-91.9
-643.1
689.16
-193.21
658.28
-264.18
521.29
532.3
-946.27
-156.25
782.1
862.2
57.25
79.28
537.9
-397.14
-434.7
292.9
-1023.8
705.18
124.4
-851.24
-669.14
-553.5
-472.25
-657.26
-843.17
555.1
-103.26
20.22
82.12
-757.24
-449.16
488.6
-812.27
660.1
-231.16
-114.11
-955.29
326.29
-838.21
-578.23
-964.7
-263.13
-113.22
-447.12
473.24
-544.25
707.23
774.28
-802.9
-618.21
-371.18
-312.27
-520
827.2
-352.28
575.8
913.26
916.26
-285.6
-446.3
-352.1
465.13
132.17
-819.24
907.9
-130.23
-195.29
752.7
-971.13
596.4
202
-784.11
-112.12
524.11
-713.1
431.3
202.1
780.7
-207.11
421.12
142.12
-745.27
-620.2
560.17
-744.21
427.6
252.8
222.1
2.22
562.2
362.2
-295.15
743.4
472.27
-354.9
29.15
203.23
559.4
732.19
-875.3
-523.9
433.1
-166.28
583.2
-436.22
419.14
63.22
-599.24
-187.3
195.25
374.6
-762.18
108.1
-499.27
869.2
-209.27
288.2
848.27
473.1
-586.23
900.31
-91.14
-654.1
-281.7
-271.1
811.27
-335.23
-964.14
434.24
268.12
100.14
545.12
905.17
-596.29
520.9
616.8
-718.21
440.18
519.15
235.3
-1005.22
702.22
-800.19
838.4
-349.4
678.11
-464.3
436.7
-155.2
-106.13
-444.11
539.1
-671.6
-712.3
177.19
87.2
137.3
52.12
-608.27
889.19
-930.13
560.2
-967.24
222.12
232.1
242.2
611.23
-243.12
-106.26
-529.21
-438.23
630.1
-349.6
182.22
666.21
26.29
-611.18
389.22
816.1
-342.2
246.12
-345.1
-349.19
316.5
708.31
-220.24
-998.2
-275.12
140
833.3
116.27
594.26
-652.2
-439.2
483.2
-688.31
-342.23
-928.17
-980.27
638.17
-322.11
245.2
146.2
-423.27
730.13
460.14
-833.31
613.28
73.5
338.31
-88.21
364.31
899.7
-509.28
401.6
401.23
266.18
-930.1
779.5
-479.18
355.16
-127.31
226.3
-143
685.15
-462.17
436.14
433.29
-362.13
-385.27
-334.28
-347.5
45.3
-1000.6
876.3
-698.11
-435.31
-411.3
-727.24
734.9
394.23
675.24
246.11
907.3
813.21
560.16
-561.3
-572.17
514.1
-826.9
171.17
-189.8
-807.28
924.6
-503.6
419.13
-648.4
-410.28
-961.1
617.5
763.4
637.8
-1005.13
-860.22
-595.19
-703.15
124.24
714.11
-183.14
857.25
141.9
-690.15
470.9
851.25
321.3
-649.12
-524.1
677.9
-785.27
631.1
144.12
-393.5
-203.11
-209.1
-909.23
721.28
684.16
-808.3
794.16
-800.13
-602.18
-172.18
-446.2
546.26
-948.27
-145.29
383.1
40.19
808.16
-275.9
260.23
-359.11
504.31
-796.3
-997.11
604.27
828
-218.13
-308.26
-430.11
617.16
-340.12
-741.1
-399.26
683.2
54.5
-140.14
-1004.7
251.1
501.19
284.7
1.2
472.29
-131.22
-697.1
731.8
-884.13
-481.1
-121.1
94.18
-271.9
683.13
-798.4
-329.24
264.3
23.6
-146.24
575.28
-208.1
-479.3
-165.1
-640.1
-1002.31
651.1
-244.13
-104.8
618.3
-903.6
-511.24
-541.22
-126.29
-847.8
-844.18
-990.7
-420.31
-756.6
-604.19
-240
-178.22
-393.18
-752.17
-387.4
102.18
-788.3
-865.1
-510.26
661.3
777.26
-675.22
-429.1
-347.3
-943.1
-451.18
-485.25
-779.15
552.19
-369.7
50.6
377.14
696.14
545.18
-961.31
532.3
803.28
63.3
363.22
547.3
913.14
-147.31
-504.1
598.24
-473.26
-558.11
48.12
-135.13
901.9
-901.9
-677.18
152.27
-545.23
876.1
-419.18
84.8
131.29
-1016.3
332.22
653.28
-471.1
591
418.25
-710.7
-439.24
-563.16
164.13
436.26
-674.25
-453.21
-735.1
-658.1
808.5
627.13
24.22
-264.12
-956.29
558.25
283.2
-654.24
16.28
52.25
-714.22
17.3
-892.25
834.8
-329.23
-210.1
710.8
-239.25
-365.26
-799.31
-396
-885.25
-656.19
-119.3
314.21
435.17
-780.2
499.8
261.14
-955.24
411.7
-93.29
-545.4
-404.18
644.4
-818.31
-750.26
-108.28
69.1
787.9
-319.1
704.15
-851.15
304.25
66.1
-715.2
-867.15
-912.31
-250.22
110.14
-435.13
573.27
166.24
-753.8
-458.1
663.11
-821.1
652.31
-155.29
-387.21
-992.23
627.24
54.3
-547.8
732.4
45.29
-916.14
-441.2
95.2
-363.24
158.26
-957.26
-140.2
761.17
-642.27
775.31
888.29
-383.15
-145.21
-593.16
-324.5
374.3
-264.26
-549.4
931.18
-629.22
-843.28
-326.26
-977.2
-828.14
466.5
-124.28
-885.29
855
-850.8
22.3
686.31
232.5
-816.21
389
-847.1
420.21
-640.14
183.11
138.6
-1019.31
772.27
-755.23
-324.8
-552.4
-355.27
233.12
-630.3
-937.27
612.22
-203.25
647.17
-901.8
-193.31
-154.31
828.2
650.17
820.6
-230.25
-579.17
603.29
-483.9
-991.7
74.11
-936.11
-353.14
557
-684.13
-734.23
-277.1
-91.8
756.17
236.12
-555.27
-697.5
494.3
206.27
90.2
-258.24
10.5
-740.21
187.29
599.25
-866.28
-450.8
-288.9
-133.1
698.22
-437.18
480.3
182.12
-955.11
902.18
-568.26
-572.5
690.7
303.1
-1020.7
667.12
379.4
31.4
-865.22
-882.27
451.13
120.8
184.29
903.2
833.28
299.24
511.18
547.2
-384.15
-500.1
-919.8
186.21
-115.13
-453.12
218.11
-436.2
-929
-232.17
671.26
-771.3
471.29
617
451.26
-327.1
27.4
-1023.15
-441.11
-633.13
-705.13
434.27
260.2
784.3
267.16
543.1
485.4
-282.19
-862.29
-914.7
500.3
572.9
3.27
-146.17
-657.25
-252.12
630.31
-143.11
746.18
900.19
-961.1
-457.6
-90.3
-788.9
-827.21
-943.3
336.1
-292.21
171.15
-764.1
908.21
516.24
-869.8
-312.23
-953.26
-496.29
215.25
752.8
-420.23
-651.12
343.3
-705.5
-965
676.3
-196.18
683.28
857.23
364.26
690.15
-179.7
635.7
-165.2
240.18
191.13
571.9
724.6
-705.6
714.6
-985.28
593.29
582.29
921.16
-860.18
433.17
-407.18
-933
300.6
636.18
-852.14
872.21
-251.1
708.11
689.27
212.18
-840.3
8.15
-387.2
857.21
610.4
-681.1
291.21
651.19
13.31
-100.27
161.31
-378.28
-767.24
318.12
-583.22
280.16
196.16
501.2
-341.3
-227.23
25.23
627.3
-269.23
-357.27
-494.12
-381.16
-660.13
97.17
595.21
361.3
413
-1004.11
-346.6
-866.3
-632.4
-287.4
-144.15
190.24
-233.18
-350.5
-1015.17
642.1
-872.8
-671.6
-194.25
592.7
347.11
-106.22
-689.7
23.8
366.27
-581
-910.29
-300.23
536.2
-736
-388.6
146.25
724.21
619.29
860.16
-508.9
188.24
-843.3
-881.14
-359.13
320.3
277.28
463.11
32.1
-240.25
571.8
425.15
-324.5
-375.3
-920.29
-459.4
-391.24
-644.31
-311.28
-546.24
523.18
-196.26
-998.11
545.3
-151.17
291.13
13.12
578.9
227.3
-841.4
-747.18
502.17
769.7
-309.27
446.2
117.13
-254.19
148.2
159.15
381.12
-789.19
523.3
256.3
-258.27
-498.31
70.25
721.8
857.18
-985.1
9.16
414.16
-103.26
-260.11
-769.2
-422.1
157.19
322.8
-477.1
-902.3
-411.24
923.1
-514.29
456.3
-664.9
632.11
-477.15
-625.14
-324.2
549.29
-236.12
-171.18
880.3
-463.7
-538.1
-669.2
-511.13
249.25
731.8
-977.1
-548.18
522.23
-892.22
-817.24
721.9
-397.16
867.21
408.28
-942.19
-601.5
563.3
-429.11
-452.1
-792.22
418.29
-968.14
-987.5
328.13
-537.3
261.9
-853.29
-364.5
-563.3
-602.23
398
313.11
13.7
-812.3
87.5
-859.3
-939.7
261.22
-438.3
723.29
-239.2
-602.4
838.2
-602.26
567.27
-136.17
-865.17
-538.24
106.19
-1020.2
-191.2
126.28
4.21
915.31
529.23
99.3
808.11
859.15
-413.16
901.2
-987.19
698.23
441.3
-566.4
516.11
550.7
-722.15
-407.9
838.27
-684.3
647.28
5.8
332.22
-126.1
-572.27
247.12
-675.27
-591.19
-999.31
746.17
373.23
-906.7
398.3
-832.1
-301.31
424.11
-646.23
-113.16
-677.21
449.9
-412.9
749.28
-765.24
345.12
-1010.14
660.26
476.28
-541.25
593.27
138.24
761.22
-405.19
-260.6
-309.2
168.12
692.15
400.14
222.2
-281.7
722.17
698.1
-509.1
103.29
195.27
506.5
933.23
-774.6
875.13
-465.28
-400.19
593.21
-768.1
-654.1
195.17
-638.6
-136.2
-301.2
179.7
141.28
-174.22
-160.28
-814.9
-145.5
-216.11
516.11
928.19
23.17
517.9
-229.22
-611.28
-817.9
283.7
-964.28
207.3
78.13
845.14
834.7
-922.24
583.29
-483.18
705.22
808.11
-589.2
530.9
-502.17
280
-130.12
-537.19
-377.9
264.3
-544.29
-787.31
795.27
473.6
-532.8
-142.3
-995.16
882.3
-739.31
-787.3
443.9
-239.2
350.18
-973.3
-801.26
-939.1
-426.13
178.27
-619.28
-771.25
-903.7
-617.14
558.17
921.4
242.27
550
-293.12
3.8
58.2
-477.5
-734.14
-377.12
-278.3
872.26
-953.8
-925.28
744.16
-599.13
-141.9
742.27
-885.24
-713.11
-177.22
-802.27
-638.28
572.17
-599.5
-761.9
830.24
-847.25
-179.16
-106.9
-620.24
-823.3
53.8
-94
-769.7
-987.3
869.3
476.14
-597.4
-235.6
-590.17
44.9
-422.26
719.6
-477.1
494.2
-697.13
480.17
-145.16
-175.6
-139.14
-712.3
-966.1
-213.28
-803.7
313.21
-137.4
310.18
-255.14
-182.13
110.18
-311.2
-228.12
-557.25
-379.14
-109.13
530.2
539.28
-417.19
-435.4
-843.25
787.17
880.31
717.9
-737.5
-98.26
-416.13
-302.8
723.1
780.7
-1008.4
-643.15
608.28
487.31
828.3
-199.3
-576.24
-275.16
-649.25
-472.4
6.13
597.31
-566.15
207.2
730.31
-722.7
-187.19
-101.3
545.9
690.9
-432.7
-816.24
-481.13
584.1
668.26
-662.3
-96.17
-680.29
-726.12
-541.21
662.15
-463.31
-928.19
653.22
-498.9
-634.17
762.31
-563.31
24.9
222.31
381.25
-539.5
-565.31
-344.29
-891.5
169.9
7.16
146.9
594.25
640.2
-190.5
321.11
-521.13
-753.12
327.8
895.7
-918.24
-910.12
644.26
-487.19
-889.14
-792.16
-639.5
-1014.1
-939.25
736.16
-987.9
-944.16
-270.27
-733.2
-223.22
812.8
-705.3
802.15
482.5
-753.19
-210.5
-848.4
-848.14
-525.31
409.22
642.27
-213.2
753.1
144.27
619.14
164.28
519.12
509.4
699.7
-935
277.19
412.21
-929.31
-106.17
569.23
295.1
395.1
387
554.18
-755.1
415.26
17.23
-166.1
-141.1
-325.21
134
-961.31
822.3
155.11
787.12
-738.12
-990.31
-702.25
-212.26
-495.17
284.25
898.1
536.18
838.22
701.15
208.23
478.24
668.14
-433.3
-523.21
256.2
-414.7
621.31
352.22
-681.17
465.21
-768.13
-398
-409
533.27
428.27
-815.6
878.15
-506.18
-940.6
884.1
771.11
418.12
-733.22
-899.14
166.26
-1023.12
697.19
733.15
-214.17
294.17
-839.12
-966.26
-910.21
364.2
-93.28
-594.27
-992.13
327.14
65.13
894.11
403.8
-456.14
-754
268.25
637.3
-479.24
495.17
-477.3
435.14
-108.27
-910.25
-548
-785.3
-365.7
154.9
626.19
-784.2
-551
-613.9
237.27
-781.3
227.2
667.2
672.21
473.14
551.27
-281.5
540.21
-125.25
18.9
-389.1
-777.3
-220.1
3.18
53.1
-167.15
-958.12
161.18
-323.14
-897.4
366.2
-293.16
-930.11
175.28
513.4
303.19
-792.1
-524.6
-853.12
-934.23
-797.27
382.25
-805.18
356.2
-801.1
-139.24
-253.6
-882.8
70.7
172.25
151.25
6.16
-637.21
790.23
240.18
908.13
-340.23
683.4
-458.29
-287.3
-679.17
-373.23
-385.14
-559.19
372.26
-435.3
648.5
176.13
851.7
-690.25
-391.29
-103.12
11.1
528.3
-785.25
47.1
-591.21
-853.22
-150.7
575.27
-128.23
277.18
-743.3
-281.1
-222.17
-472.12
-443.14
-572.25
697.11
156.25
523.24
-850.1
-990.8
-477.9
316.31
-805.13
-678.24
117.18
-721.23
47.3
-952.12
-974.17
-706.14
-987.15
324.19
-479.16
-317.24
-120.1
451.6
-101.27
210.2
-230.24
-865.17
-910.6
921.17
357.27
-467.16
501.3
-217.1
340.4
864.9
-616.3
425.13
244.28
886.23
185.31
824.23
-788.9
243.9
697.3
-380.17
-526.7
588.13
-872.6
-393.1
-787.13
-1011.19
-739.31
-998.7
405.1
801.28
235.1
-955.18
-890.28
-282.3
-555.5
-727.11
-393.1
-384.22
-939.3
-475.27
-819
-426.2
370.15
31.15
902.19
-829.25
893.13
777.25
-417.18
-471.28
58.2
720.3
-217.21
-247.4
630.14
-462.29
52.31
235.16
63.8
865.19
472.16
-756.31
-511.29
621.29
754.3
744.19
448.6
-383.29
-919.31
-949.9
-937.2
-152.1
-448.19
-962.31
909.27
128.27
-788.3
778.4
-216.21
752.5
-301.3
695.16
-702.26
293.1
384.2
-268.3
-295.9
881.2
198.12
-574.9
785.14
681.21
387.16
-735.25
172.18
688.11
258.29
-986.17
352.13
-605.9
836.7
-139
-177.21
-545.13
-1005.2
-958.21
614.2
76.15
428.4
127.2
-507.6
926.16
746.4
247.29
570.13
-364.31
259.22
449.1
89.2
317.21
-262.13
913.16
-902.16
-249.9
-516.18
300.25
45.8
773.23
-454.2
-580.7
410.11
673.28
-694.14
-396.25
-964.11
-602.3
-604.6
898.28
-998.11
689.25
-567.31
-911.5
560.9
203.17
-681.8
-753.28
19.27
801.14
529.26
337.29
274.13
-979.25
914.5
383.25
784.2
-441.2
729.9
-342.17
-326.5
-334.22
543.22
-477.14
-205.2
453.3
795.26
212.14
-1001.4
209.9
-468
259.21
-878.13
678.29
929.15
293.9
-359.2
-269.18
-316.18
223.9
773.3
914.28
-831.5
235.2
881.3
-163.16
-814.29
176.4
-643.9
843.15
169.18
679.15
-925.8
-185.31
-164.6
-609.16
190.16
354.12
253.12
425.4
-144.22
-358.8
-641.24
663.28
743.26
-164.2
-572.11
-226.11
-349.2
896.24
507.15
644.29
872.14
-588.15
-398.3
547.23
-679.7
283.1
489.6
-1002.14
-1019.26
-626.25
-723.8
-740.9
314.2
-129.2
-886.6
-168.23
-539.22
-546.29
-693.1
460.5
622.29
-990.14
313.19
-639.7
654.27
-606.23
-557.8
541.9
-570.2
565.6
-1011.19
-683.23
349.28
110.27
-561.8
676.2
-137.16
-352.14
231.3
922.26
694.24
476.7
733.29
825.13
-867.29
540.1
851.11
-172.24
840.26
-207.24
121.4
716.1
67.23
-916.9
-887.27
-651.17
-358.15
740.5
300.18
-871.22
-806.17
-428.3
474.9
886.4
382.3
264
501.4
398.9
-305.28
547.1
-599.19
-281.6
867.27
530.12
-270.6
424.24
-397.3
-166.18
889.4
-473.31
336.22
-815.8
-770.2
-739.9
-344.22
-733.1
817.1
-307.26
590.15
276.2
-218.28
-520.8
-893.14
-967.9
-106.15
-164.29
35.2
-804.19
634.24
427.28
-943.7
-831.13
-391.16
191.16
-723.28
473.21
484.9
376.2
-934.12
-477.24
-411.29
427.22
-322.18
795.9
-831.6
399.14
240.29
-765.6
394
-135.15
105.29
-338.4
-851.19
-915.29
-198.13
284
-224.9
626.21
-958
-914.1
790.16
165.23
687.2
169.5
-679.31
-725.25
223.3
-131
-564.4
-431.3
-957.27
351.1
640.28
-1018.2
-847.17
-179.2
318.11
-491.3
-549.25
-713.6
-913.27
-147.2
125.28
451.8
-677.23
-269.29
714.23
-406.9
-888.29
-176.2
308.2
-1014.17
-624.24
561.16
-976.25
66.5
100.1
868.3
290.4
-605.6
119.28
-780.6
-117.21
-686.7
-325.12
-847.23
94.18
600.21
799.1
-952.4
-396.22
-538.2
475.25
853.6
-436.2
701.5
-776.15
194.7
-949.4
-158
-509.19
-394.23
-734.27
-970.18
-817.5
59.2
522.24
361.17
671.14
912.21
-263.23
-227.4
-634.6
-269.1
-893.1
440.31
140.25
-868.5
102
285.3
-583.16
522.6
193.29
807.27
-971.6
318.17
-623.6
433.16
250.17
669.14
814.2
125.13
908.13
-836.4
-615.19
-331.11
-958.1
208.26
788.18
757.15
-444.6
774.16
519.1
-146.7
532.4
180.12
586.18
-683.8
645.3
920.11
-770.2
-281.28
-985.4
-748.2
204.13
773.2
31.11
149.25
445.2
-103.25
792.26
-1018.15
-959.19
-954.14
927.1
-615.23
-157.2
757.2
-229.9
-176.2
486.13
-272.2
-916.12
298.12
705.24
-928.15
-884.27
-316.1
-599.27
-1014.19
711.2
901.16
-883
-914.8
928.29
-418.1
-937.3
-397.16
189.11
-409.18
-801.6
92.4
-159.17
413.1
801.16
-880.18
-438.15
-372.3
216.25
-851.22
405.23
40.13
250.13
701.2
-989.23
-346.15
-114.16
-856.1
-696.26
799.2
-246.25
770
114.14
-586.25
367.17
815.1
456.31
-381.2
363.11
876.22
507.26
-161.1
-823.3
348.2
-437.3
-349.7
424.27
90.4
638.6
544.14
-399.26
380.7
-867.18
-735.12
-967.1
-729.2
-492.27
-684.19
-279
295.1
-289.15
339.1
-650.19
36.8
-654.27
-608.7
-571
-789.9
81.25
-810.27
528.1
120.6
-957.22
507.3
-529.3
-984.14
-476.4
-545.19
-368.26
-217.25
323.29
728.9
-771.13
-888.12
-456.29
383.19
631.31
891.21
399.3
-555.6
279.22
-537.6
569.8
277.5
154.31
-415.4
248.16
-239.8
749.21
-677.21
-870.18
68.29
450.6
-481.31
-121.15
-382.4
-387.22
-852
-436.25
-553.2
-682.27
807.4
761
-415.18
803.27
-333.3
65.3
-228.8
-1007.19
-121.24
764.26
757.15
-973.2
910.3
640.27
266.18
-928.3
-130
-164.25
-627.12
11.28
-158.21
316.17
-1001.7
241.5
-839.28
-490.8
-853.3
838.4
-561.7
182.23
846.12
-269.28
687.27
-177.15
-754.26
-588.1
-416.18
389.26
282.27
-676.25
-519.22
-998.9
2.28
-545.1
238.14
-332.3
-280.27
-296.23
507.22
-124
-117.21
-450.18
653.5
706.2
-298.22
-494.27
783.24
254.7
747.23
-289.12
-574.6
-306.6
-510.18
-128.16
-744.22
875.5
435.14
775.2
-276.27
-490.25
3.22
-920.19
852.1
-384.1
482.21
-549.15
-577.18
0.4
-266.15
689
-226.11
689
-337.24
-301.13
-225.23
-718
640.1
-821.3
356.18
831.8
351.29
119.18
223.2
-788.14
31.5
-893.3
-871.16
298.17
-504.6
450.1
-214.7
58.28
-768.13
681.3
298.4
-337.17
137.27
-455.2
-254.4
-922.4
268.19
-1021.23
97.13
194.28
-110.13
25.9
229.6
375.9
448.9
626.6
351.3
671.27
331.24
692.19
-232.23
112.1
-132.31
317.13
-561.31
621.28
184.16
889.22
547.15
-492.7
-443.22
465.5
586.14
269.23
817.13
694.5
-226.1
-120.17
-182.3
-844.1
-989.12
-319.2
831.12
-469.7
258.16
526.1
-157.16
-229.3
160.16
-791.25
732.31
847.13
-692.9
-235.27
-429.19
339.19
657.23
297.29
-323.19
584.8
249.3
-294.1
-995.25
-910.17
329.5
-768.15
-308.26
-437.18
-203.31
-276.18
-300.19
20
558.1
207.4
328.11
-860.11
751.24
291.8
164.23
785.31
-349.12
68.1
150.28
828.1
390.3
737.2
-109.16
675.1
-962.27
320.2
555.25
181.12
472
832.5
593.26
800.1
799.25
-856.12
527.7
-395.6
-485.7
298.29
655.9
885.29
354.4
-512.7
583.4
251.25
-172.8
745.31
-681.21
-627.1
-604.12
-109.19
559.7
638.15
148.28
-795.27
-495.3
-723.13
-609.3
219.16
911.14
-125.7
361.16
-469.22
-281.24
-733.27
-704.17
292.1
-326.15
79.28
589.11
-176.25
402.13
421.1
18.22
486.26
-581.12
-544.24
608.14
903.29
-269
-283.19
-153.11
639.9
249.11
-902.5
403.13
130.2
69.17
400.18
-701.31
329.1
-851.2
-684.27
382.9
-357.21
895.23
278.8
886.13
474.1
-200.2
-132.24
-408.3
666.4
-914.2
-252.18
-417.27
794.8
-817.4
305.7
144.3
832.5
-518.9
184.4
29.2
766.5
-757.7
807.1
-685.8
375.8
203.28
602.18
72.17
-691.1
815.15
578.27
-686.15
-110.28
708.4
117.25
102.11
-513.8
-151.14
-512.31
-970.7
450.18
-915.25
25.31
613.16
183.3
817.7
-938.5
270.16
-612.16
320.6
-514.27
-108.29
-114.22
213.15
506.22
451.7
-755.7
-530.3
654.23
623.16
905.19
659.15
-1022.4
-787.13
-609.19
-1009.12
102.21
722.16
370.26
326.27
175.3
437.11
-107.25
-505.24
-511.16
783.7
916.16
686.15
-388.28
98.2
862.2
-755.17
268.8
-390
79.4
-500.11
-683.8
-986.7
88.29
457.14
-182.1
780.3
-106.24
117.31
-481.17
-196.23
-904.19
-327.29
414.13
325.6
264.23
-142.2
-343.24
34.4
810.16
266.22
-1000.18
-529.9
407.4
611.8
667.8
221.7
142.1
699.17
-718.14
-244.3
839.2
446.21
228.29
-331.1
-181.27
821.24
366.24
-358.14
-799
-193.17
-824.16
341.28
-165.23
-1023
902.1
359.22
431.31
708.21
-813.22
21.24
741.24
179.3
217.17
899.8
442.11
467.26
840.29
879.2
-818.26
-361.31
644.9
436.24
347.1
913.11
235.9
311.23
-269.22
-291.22
-164.26
719.27
928.29
252.3
-927.6
339.3
-429.17
-555.21
-246.3
207.7
-866.2
295.15
-304.2
318.2
601.12
-774.19
112.8
329.13
-881.7
-661.12
-901.15
789.6
-800.1
759.6
323.26
-815.29
373.9
-119.25
769.27
-415.15
-998
276.8
-875.4
-800.9
-362.4
605.31
-505.25
-494.12
780.5
246.22
-151.2
546.11
-99.3
490.3
461.3
-889.7
655.24
-622.2
439.23
458.11
76
131.12
-136.9
70
-496.2
-535.3
134.18
760.11
-574.31
349.16
-997.3
356.23
-419.3
413.2
-826.31
91.1
-936.15
-459.3
-1014.14
680.26
-724.3
-663.15
-164.16
-101.26
-846.14
-883.4
732.27
-757.29
598.3
-394.7
-761.15
-112.17
314.4
774.17
588.26
-385.1
730.2
431.3
-443.1
629.24
-844.5
-216.8
485.12
-442.2
608.16
185.23
-458.15
-406.28
539.13
-538.16
-585.28
892.26
-128.27
-854.12
50.15
-263.12
-407.21
827.14
436.1
-481.15
-850.24
459.12
661.21
-562.15
-235.26
443.7
416.15
602.21
-282.22
834.14
576.22
-200.16
905.28
325.9
-109.27
-847.29
146.6
434.8
-886.7
643.2
869.8
195.15
614.19
-784.9
-564.13
-1004.9
196.19
-284.2
-425.14
804.16
836.4
-805.25
-993.16
-435.3
-121.12
-438.15
-247.29
150.22
856.6
353.26
-902.23
395.27
-714.31
-929.4
-390.24
-750.3
-894.23
-206.3
-122.16
-740.27
-913.14
834.25
-94.26
741.26
-857.31
38.27
471.14
17.7
395.3
-974.16
202.25
-240.2
-604.18
437.27
-119.8
176.13
135.9
94.15
-592.1
558.7
593.31
-279.27
170.11
-808.26
519.22
796.3
906.14
-317.24
-762.29
-155.5
-625.29
662.27
588.28
-738.27
417.2
394.16
864.8
873.8
407.15
-144.6
-422.31
651.15
553.2
-509.14
-812.17
169.9
478.1
-589.28
172.23
-837.8
-336.2
-844.28
-400.25
-443.23
-894.22
-667.28
-215.16
-93.8
-269.28
817.17
-779.18
97.28
46.19
696.23
-830.3
-946.5
-977.26
319
168.25
89.1
-506.28
924.27
-437.11
-211.29
653.15
15.3
51.29
-952.19
-812.16
-900.29
857.11
259.22
-497.4
-1015.12
79.6
-1008.7
334.22
329.1
749.18
665.26
864.9
-880.3
-713.25
-288.1
-150.24
-695.28
-744.3
-392.14
408.27
-209.12
-305.21
-141.12
-97
855.1
-185.1
229.25
-457.31
-912.27
-741.14
76.3
11.17
578.15
-455.27
719.22
419.4
-1009.13
-715.2
488.29
49.21
773.31
-739.8
-173.12
-157.28
-152.3
-373.2
660.24
2.21
921.25
817.6
-123.1
-402.13
570.9
-180.29
-189.8
189.22
-822.1
-177.11
15.8
-597.11
383.13
-515.21
624.3
926.3
274.3
-120.8
-979.5
15.19
402.13
912.12
-812.2
235.19
444.13
-714.16
258.24
521.16
20.24
-881.19
580.27
925.1
-665.18
122.2
770.26
313.9
-962.21
-847.21
-796.8
827.25
871.14
436.6
364.2
-505.9
-430.12
-139.24
514.29
682.17
-447.3
63.14
517.17
-369
-527.6
458.14
-318.14
-560
-252.14
-756.1
-703.23
639.1
328.3
783.9
92.2
535.2
-270.5
580.11
141.16
-480.2
613.14
-222.6
-154.29
-947.9
-376.19
-1018.4
-923.23
-414.21
-903.16
-970.3
-920.1
-282.6
174.18
568.11
-229.8
-454.11
756.7
-819.7
-1011.19
436.11
-645.17
-105.31
735.8
527.1
395.21
572.16
-578.3
406.21
24.15
-429.29
-402.27
0.5
-1011.26
120.3
561.24
109.8
416.23
-850.17
-245.6
-855.18
568.24
-943.21
367.27
207.24
-832.5
-842.6
-806.11
-625.3
-772.19
-973.14
381.3
104.1
915.5
756.29
896.21
790.2
667.3
276.2
-575.28
-125.3
-263.21
154.13
-962.1
-165.4
132.23
-903.12
-381.1
437.4
-500.27
301.29
666
-404.2
325.29
-100.29
-1020.3
121
145.28
-878.22
-870.2
661.16
-380.25
-901.13
-353.14
764.31
-684.5
280.16
-674.18
-1007.18
330.12
-221.16
-482.1
803.29
244.1
-971.26
-524.12
-574.27
203.6
252.18
921.24
-479.1
-1018.2
577.6
-239.28
-853.31
-417.3
261.16
-326.19
-913.26
452.18
-235.31
633.26
351.1
-909.29
356.2
-997.1
25.21
-780.24
-722.29
683.31
-538.27
-864.21
695.31
-998.19
-828.3
-576.22
529.2
-424.2
871.12
22.3
-428.17
544.28
565
-630.24
-862.25
-855.2
30.5
-89.12
289.17
699.5
226.8
-773.15
394.1
-249.3
-586.24
326.22
934.25
-588.2
35.29
127.8
341.9
-433.16
-278.2
-370.26
655.23
-517.5
-717.1
580.18
416.18
-898.3
-170.7
-696.3
-951.1
-951.6
919.2
710.21
-501.28
755.18
-437.3
-611.1
-232.27
-196.22
-788.12
278.18
668.29
-937.11
9.3
-276.1
-709.23
-874.3
-294.14
-104.12
-1015.1
-88.18
167.5
-767
433.6
-354.11
600.5
-381.19
-920.7
-998.1
411.23
-865.19
615.21
729.25
13.25
557.3
-886.27
885.11
-955.13
831.24
-91.15
-406.28
382.9
-551.11
53
223.22
122.26
697.31
-278.31
346.12
782.3
-780.7
817.11
-615.27
-627.19
108
17.23
538
-575.28
865.14
286.3
-994.8
597.6
474.9
-142.9
273.4
102.11
-660.17
386.25
-341.3
1.29
-949.26
62.8
-871
-646.14
-545.6
148.12
764.22
860.21
45.13
-991.17
871.3
822.27
717.11
-482.14
144.1
111.29
658.5
-994.8
-184
-788.3
226.19
-376.9
307.2
706.1
442.8
-173.12
-1022.28
732.28
493.2
-389.18
-835.15
11.2
-846.6
820.19
400.5
741.24
298.11
255.4
-738.6
328.22
121.23
0.16
-340.27
-386.5
536.16
80.1
23.2
-605.3
-735.11
-590.16
99.23
444.21
-484.22
495.12
561.9
-583.15
713.29
-194.25
-212.15
-547.3
-867.29
317.29
-528.16
-883
-411.15
696.12
20.26
-840.14
-565.5
113.3
7.2
746.13
225.22
-496.13
-216.11
729.13
594.9
524.31
343.15
852
-131.3
-821.1
-127.29
469.27
-1014.2
-323.3
664.12
-890.3
902
343.16
-1016.25
530.2
667.4
110.24
-422.9
-761.13
471.3
55.3
231.28
450.4
-254.27
214.7
483.27
415.28
-89.28
-339.24
-1003.1
-275.11
413.22
355.16
135.3
-176.11
-729.1
807.6
-163.3
-350.12
260.12
555.5
860.16
-582.8
-439.25
-204.6
932.12
184.8
-165.27
462.29
-675.7
205.14
168.27
164.31
466.3
804.31
-582.11
327.14
394.27
713.1
-125.15
-299.25
-897.23
444.26
232.27
-474.7
-816.12
792.14
267.3
-842.9
905.18
-469.18
403.8
180.25
504.19
206.28
580.23
45.2
-274.4
575.16
459.31
793.17
849.3
-326.24
-1022.9
-355
26.9
291.23
432.2
164.16
-649.12
-791.3
422.6
641.24
802.8
-718.19
557.2
136.7
-840.1
44.11
40.26
-206
-830.29
712.16
928.2
-508.12
-672.4
175.22
120.27
-140.23
427.15
218.8
120.25
-326.5
-997.22
-218.8
231.27
-175.19
-1020.24
302.19
-573.5
540.4
-758.5
-647.29
-279.3
428.28
-141.29
-451.9
-382.25
-784.23
599.3
-762.31
364.19
587.26
-327.13
606.29
-183.7
564.19
910.24
-794.8
66.26
374.14
405.2
413.19
127.25
-378.19
-700.23
365.13
-224.16
-260.31
187.2
-928.2
-562.13
814.28
-990.19
597.23
-426.28
-720.7
142.17
-718.2
-661.1
287.24
-499.5
660.7
-926.24
-170.23
-711.9
-352.18
-385.15
886.11
901.27
-698.9
-916.5
-987.7
-874.23
701.15
-446.17
-893.22
756
214.29
605.24
528.19
400.31
-248.21
117.31
608.2
-1010.28
-412.9
588.12
-392.1
505.24
-626
432.15
-886.2
-891.11
384.2
